20141220155003;905
9032905;1;1121086711;;;;;;20141220140000
9032903;1;1121086709;;;;;;20141220140000
35227670;0;1121086711;2;0;0115;011;20141220140000;20141220140000
35227668;0;1121086709;2;0;0115;011;20141220140000;20141220140000
9032976;1;1121086782;;;;;;20141220140000
35227741;0;1121086782;2;0;0115;011;20141220140000;20141220140000
9032956;1;1121086762;;;;;;20141220140000
35227721;0;1121086762;2;0;0115;011;20141220140000;20141220140000
9032940;1;1121086746;;;;;;20141220140000
35227705;0;1121086746;2;0;0115;011;20141220140000;20141220140000
9032971;1;1121086777;;;;;;20141220140000
35227736;0;1121086777;2;0;0115;011;20141220140000;20141220140000
9032908;1;1121086714;;;;;;20141220140000
35227673;0;1121086714;2;0;0115;011;20141220140000;20141220140000
9032961;1;1121086767;;;;;;20141220140000
35227726;0;1121086767;2;0;0115;011;20141220140000;20141220140000
9032929;1;1121086735;;;;;;20141220140000
35227694;0;1121086735;2;0;0115;011;20141220140000;20141220140000
9033022;1;1121086828;;;;;;20141220140000
35227787;0;1121086828;2;0;0115;011;20141220140000;20141220140000
9033023;1;1121086829;;;;;;20141220140000
35227788;0;1121086829;2;0;0115;011;20141220140000;20141220140000
9032896;1;1121086702;;;;;;20141220140000
35227661;0;1121086702;2;0;0115;011;20141220140000;20141220140000
9032965;1;1121086771;;;;;;20141220140000
35227730;0;1121086771;2;0;0115;011;20141220140000;20141220140000
9032995;1;1121086801;;;;;;20141220140000
35227760;0;1121086801;2;0;0115;011;20141220140000;20141220140000
9032904;1;1121086710;;;;;;20141220140000
35227669;0;1121086710;2;0;0115;011;20141220140000;20141220140000
9032944;1;1121086750;;;;;;20141220140000
35227709;0;1121086750;2;0;0115;011;20141220140000;20141220140000
9032938;1;1121086744;;;;;;20141220140000
35227703;0;1121086744;2;0;0115;011;20141220140000;20141220140000
9032925;1;1121086731;;;;;;20141220140000
35227690;0;1121086731;2;0;0115;011;20141220140000;20141220140000
9032910;1;1121086716;;;;;;20141220140000
35227675;0;1121086716;2;0;0115;011;20141220140000;20141220140000
9032907;1;1121086713;;;;;;20141220140000
35227672;0;1121086713;2;0;0115;011;20141220140000;20141220140000
9033004;1;1121086810;;;;;;20141220140000
35227769;0;1121086810;2;0;0115;011;20141220140000;20141220140000
9032943;1;1121086749;;;;;;20141220140000
35227708;0;1121086749;2;0;0115;011;20141220140000;20141220140000
9032900;1;1121086706;;;;;;20141220140000
35227665;0;1121086706;2;0;0115;011;20141220140000;20141220140000
9032997;1;1121086803;;;;;;20141220140000
35227762;0;1121086803;2;0;0115;011;20141220140000;20141220140000
9032894;1;1121086700;;;;;;20141220140000
35227659;0;1121086700;2;0;0115;011;20141220140000;20141220140000
9033010;1;1121086816;;;;;;20141220140000
35227775;0;1121086816;2;0;0115;011;20141220140000;20141220140000
9033009;1;1121086815;;;;;;20141220140000
35227774;0;1121086815;2;0;0115;011;20141220140000;20141220140000
9033025;1;1121086831;;;;;;20141220140000
35227790;0;1121086831;2;0;0115;011;20141220140000;20141220140000
9032932;1;1121086738;;;;;;20141220140000
35227697;0;1121086738;2;0;0115;011;20141220140000;20141220140000
9032934;1;1121086740;;;;;;20141220140000
35227699;0;1121086740;2;0;0115;011;20141220140000;20141220140000
9033024;1;1121086830;;;;;;20141220140000
35227789;0;1121086830;2;0;0115;011;20141220140000;20141220140000
9032923;1;1121086729;;;;;;20141220140000
35227688;0;1121086729;2;0;0115;011;20141220140000;20141220140000
9032945;1;1121086751;;;;;;20141220140000
35227710;0;1121086751;2;0;0115;011;20141220140000;20141220140000
9032991;1;1121086797;;;;;;20141220140000
35227756;0;1121086797;2;0;0115;011;20141220140000;20141220140000
9032967;1;1121086773;;;;;;20141220140000
35227732;0;1121086773;2;0;0115;011;20141220140000;20141220140000
9032901;1;1121086707;;;;;;20141220140000
35227666;0;1121086707;2;0;0115;011;20141220140000;20141220140000
9033001;1;1121086807;;;;;;20141220140000
35227766;0;1121086807;2;0;0115;011;20141220140000;20141220140000
9032946;1;1121086752;;;;;;20141220140000
35227711;0;1121086752;2;0;0115;011;20141220140000;20141220140000
9032972;1;1121086778;;;;;;20141220140000
35227737;0;1121086778;2;0;0115;011;20141220140000;20141220140000
9033000;1;1121086806;;;;;;20141220140000
35227765;0;1121086806;2;0;0115;011;20141220140000;20141220140000
9033005;1;1121086811;;;;;;20141220140000
35227770;0;1121086811;2;0;0115;011;20141220140000;20141220140000
9032970;1;1121086776;;;;;;20141220140000
35227735;0;1121086776;2;0;0115;011;20141220140000;20141220140000
9032953;1;1121086759;;;;;;20141220140000
35227718;0;1121086759;2;0;0115;011;20141220140000;20141220140000
9032898;1;1121086704;;;;;;20141220140000
35227663;0;1121086704;2;0;0115;011;20141220140000;20141220140000
9033039;1;1121086845;;;;;;20141220140001
35227804;0;1121086845;2;0;0115;011;20141220140001;20141220140001
9032986;1;1121086792;;;;;;20141220140000
35227751;0;1121086792;2;0;0115;011;20141220140000;20141220140000
9032968;1;1121086774;;;;;;20141220140000
35227733;0;1121086774;2;0;0115;011;20141220140000;20141220140000
9032975;1;1121086781;;;;;;20141220140000
35227740;0;1121086781;2;0;0115;011;20141220140000;20141220140000
9032920;1;1121086726;;;;;;20141220140000
35227685;0;1121086726;2;0;0115;011;20141220140000;20141220140000
9032935;1;1121086741;;;;;;20141220140000
35227700;0;1121086741;2;0;0115;011;20141220140000;20141220140000
9033026;1;1121086832;;;;;;20141220140001
35227791;0;1121086832;2;0;0115;011;20141220140001;20141220140001
9033003;1;1121086809;;;;;;20141220140000
35227768;0;1121086809;2;0;0115;011;20141220140000;20141220140000
9032990;1;1121086796;;;;;;20141220140000
35227755;0;1121086796;2;0;0115;011;20141220140000;20141220140000
9032966;1;1121086772;;;;;;20141220140000
35227731;0;1121086772;2;0;0115;011;20141220140000;20141220140000
9032931;1;1121086737;;;;;;20141220140000
35227696;0;1121086737;2;0;0115;011;20141220140000;20141220140000
9032927;1;1121086733;;;;;;20141220140000
35227692;0;1121086733;2;0;0115;011;20141220140000;20141220140000
9032924;1;1121086730;;;;;;20141220140000
35227689;0;1121086730;2;0;0115;011;20141220140000;20141220140000
9033021;1;1121086827;;;;;;20141220140000
35227786;0;1121086827;2;0;0115;011;20141220140000;20141220140000
9032978;1;1121086784;;;;;;20141220140000
35227743;0;1121086784;2;0;0115;011;20141220140000;20141220140000
9032987;1;1121086793;;;;;;20141220140000
35227752;0;1121086793;2;0;0115;011;20141220140000;20141220140000
9032980;1;1121086786;;;;;;20141220140000
35227745;0;1121086786;2;0;0115;011;20141220140000;20141220140000
9032916;1;1121086722;;;;;;20141220140000
35227681;0;1121086722;2;0;0115;011;20141220140000;20141220140000
9032947;1;1121086753;;;;;;20141220140000
35227712;0;1121086753;2;0;0115;011;20141220140000;20141220140000
9032952;1;1121086758;;;;;;20141220140000
35227717;0;1121086758;2;0;0115;011;20141220140000;20141220140000
9032941;1;1121086747;;;;;;20141220140000
35227706;0;1121086747;2;0;0115;011;20141220140000;20141220140000
9032933;1;1121086739;;;;;;20141220140000
35227698;0;1121086739;2;0;0115;011;20141220140000;20141220140000
9032922;1;1121086728;;;;;;20141220140000
35227687;0;1121086728;2;0;0115;011;20141220140000;20141220140000
9032942;1;1121086748;;;;;;20141220140000
35227707;0;1121086748;2;0;0115;011;20141220140000;20141220140000
9032957;1;1121086763;;;;;;20141220140000
35227722;0;1121086763;2;0;0115;011;20141220140000;20141220140000
9032959;1;1121086765;;;;;;20141220140000
35227724;0;1121086765;2;0;0115;011;20141220140000;20141220140000
9032999;1;1121086805;;;;;;20141220140000
35227764;0;1121086805;2;0;0115;011;20141220140000;20141220140000
9032928;1;1121086734;;;;;;20141220140000
35227693;0;1121086734;2;0;0115;011;20141220140000;20141220140000
9033034;1;1121086840;;;;;;20141220140001
35227799;0;1121086840;2;0;0115;011;20141220140001;20141220140001
9033035;1;1121086841;;;;;;20141220140001
35227800;0;1121086841;2;0;0115;011;20141220140001;20141220140001
9033036;1;1121086842;;;;;;20141220140001
35227801;0;1121086842;2;0;0115;011;20141220140001;20141220140001
9032926;1;1121086732;;;;;;20141220140000
35227691;0;1121086732;2;0;0115;011;20141220140000;20141220140000
9033027;1;1121086833;;;;;;20141220140001
35227792;0;1121086833;2;0;0115;011;20141220140001;20141220140001
9032962;1;1121086768;;;;;;20141220140000
35227727;0;1121086768;2;0;0115;011;20141220140000;20141220140000
9032988;1;1121086794;;;;;;20141220140000
35227753;0;1121086794;2;0;0115;011;20141220140000;20141220140000
9032994;1;1121086800;;;;;;20141220140000
35227759;0;1121086800;2;0;0115;011;20141220140000;20141220140000
9032981;1;1121086787;;;;;;20141220140000
35227746;0;1121086787;2;0;0115;011;20141220140000;20141220140000
9032984;1;1121086790;;;;;;20141220140000
35227749;0;1121086790;2;0;0115;011;20141220140000;20141220140000
9033019;1;1121086825;;;;;;20141220140000
35227784;0;1121086825;2;0;0115;011;20141220140000;20141220140000
9033028;1;1121086834;;;;;;20141220140001
35227793;0;1121086834;2;0;0115;011;20141220140001;20141220140001
9033038;1;1121086844;;;;;;20141220140001
35227803;0;1121086844;2;0;0115;011;20141220140001;20141220140001
9033040;1;1121086846;;;;;;20141220140001
35227805;0;1121086846;2;0;0115;011;20141220140001;20141220140001
9033029;1;1121086835;;;;;;20141220140001
35227794;0;1121086835;2;0;0115;011;20141220140001;20141220140001
9032949;1;1121086755;;;;;;20141220140000
35227714;0;1121086755;2;0;0115;011;20141220140000;20141220140000
9033037;1;1121086843;;;;;;20141220140001
35227802;0;1121086843;2;0;0115;011;20141220140001;20141220140001
9033042;1;1121086848;;;;;;20141220140001
35227807;0;1121086848;2;0;0115;011;20141220140001;20141220140001
9032939;1;1121086745;;;;;;20141220140000
35227704;0;1121086745;2;0;0115;011;20141220140000;20141220140000
9032993;1;1121086799;;;;;;20141220140000
35227758;0;1121086799;2;0;0115;011;20141220140000;20141220140000
9033030;1;1121086836;;;;;;20141220140001
35227795;0;1121086836;2;0;0115;011;20141220140001;20141220140001
9033020;1;1121086826;;;;;;20141220140000
35227785;0;1121086826;2;0;0115;011;20141220140000;20141220140000
9033031;1;1121086837;;;;;;20141220140001
35227796;0;1121086837;2;0;0115;011;20141220140001;20141220140001
9032913;1;1121086719;;;;;;20141220140000
35227678;0;1121086719;2;0;0115;011;20141220140000;20141220140000
9032954;1;1121086760;;;;;;20141220140000
35227719;0;1121086760;2;0;0115;011;20141220140000;20141220140000
9032979;1;1121086785;;;;;;20141220140000
35227744;0;1121086785;2;0;0115;011;20141220140000;20141220140000
9032998;1;1121086804;;;;;;20141220140000
35227763;0;1121086804;2;0;0115;011;20141220140000;20141220140000
9032973;1;1121086779;;;;;;20141220140000
35227738;0;1121086779;2;0;0115;011;20141220140000;20141220140000
9033013;1;1121086819;;;;;;20141220140000
35227778;0;1121086819;2;0;0115;011;20141220140000;20141220140000
9032915;1;1121086721;;;;;;20141220140000
35227680;0;1121086721;2;0;0115;011;20141220140000;20141220140000
9033012;1;1121086818;;;;;;20141220140000
35227777;0;1121086818;2;0;0115;011;20141220140000;20141220140000
9033017;1;1121086823;;;;;;20141220140000
35227782;0;1121086823;2;0;0115;011;20141220140000;20141220140000
9033006;1;1121086812;;;;;;20141220140000
35227771;0;1121086812;2;0;0115;011;20141220140000;20141220140000
9032917;1;1121086723;;;;;;20141220140000
35227682;0;1121086723;2;0;0115;011;20141220140000;20141220140000
9033033;1;1121086839;;;;;;20141220140001
35227798;0;1121086839;2;0;0115;011;20141220140001;20141220140001
9032974;1;1121086780;;;;;;20141220140000
35227739;0;1121086780;2;0;0115;011;20141220140000;20141220140000
9033018;1;1121086824;;;;;;20141220140000
35227783;0;1121086824;2;0;0115;011;20141220140000;20141220140000
9033052;1;1121086858;;;;;;20141220140002
35227817;0;1121086858;2;0;0115;011;20141220140002;20141220140002
9033032;1;1121086838;;;;;;20141220140001
35227797;0;1121086838;2;0;0115;011;20141220140001;20141220140001
9033049;1;1121086855;;;;;;20141220140001
35227814;0;1121086855;2;0;0115;011;20141220140001;20141220140001
9032895;1;1121086701;;;;;;20141220140000
35227660;0;1121086701;2;0;0115;011;20141220140000;20141220140000
9033041;1;1121086847;;;;;;20141220140001
35227806;0;1121086847;2;0;0115;011;20141220140001;20141220140001
9033043;1;1121086849;;;;;;20141220140001
35227808;0;1121086849;2;0;0115;011;20141220140001;20141220140001
9032950;1;1121086756;;;;;;20141220140000
35227715;0;1121086756;2;0;0115;011;20141220140000;20141220140000
9032992;1;1121086798;;;;;;20141220140000
35227757;0;1121086798;2;0;0115;011;20141220140000;20141220140000
9032996;1;1121086802;;;;;;20141220140000
35227761;0;1121086802;2;0;0115;011;20141220140000;20141220140000
9032902;1;1121086708;;;;;;20141220140000
35227667;0;1121086708;2;0;0115;011;20141220140000;20141220140000
9032897;1;1121086703;;;;;;20141220140000
35227662;0;1121086703;2;0;0115;011;20141220140000;20141220140000
9032906;1;1121086712;;;;;;20141220140000
35227671;0;1121086712;2;0;0115;011;20141220140000;20141220140000
9032899;1;1121086705;;;;;;20141220140000
35227664;0;1121086705;2;0;0115;011;20141220140000;20141220140000
9033008;1;1121086814;;;;;;20141220140000
35227773;0;1121086814;2;0;0115;011;20141220140000;20141220140000
9032914;1;1121086720;;;;;;20141220140000
35227679;0;1121086720;2;0;0115;011;20141220140000;20141220140000
9033044;1;1121086850;;;;;;20141220140001
35227809;0;1121086850;2;0;0115;011;20141220140001;20141220140001
9032963;1;1121086769;;;;;;20141220140000
35227728;0;1121086769;2;0;0115;011;20141220140000;20141220140000
9032911;1;1121086717;;;;;;20141220140000
35227676;0;1121086717;2;0;0115;011;20141220140000;20141220140000
9032989;1;1121086795;;;;;;20141220140000
35227754;0;1121086795;2;0;0115;011;20141220140000;20141220140000
9033045;1;1121086851;;;;;;20141220140001
35227810;0;1121086851;2;0;0115;011;20141220140001;20141220140001
9033046;1;1121086852;;;;;;20141220140001
35227811;0;1121086852;2;0;0115;011;20141220140001;20141220140001
9033048;1;1121086854;;;;;;20141220140001
35227813;0;1121086854;2;0;0115;011;20141220140001;20141220140001
9033047;1;1121086853;;;;;;20141220140001
35227812;0;1121086853;2;0;0115;011;20141220140001;20141220140001
9033016;1;1121086822;;;;;;20141220140000
35227781;0;1121086822;2;0;0115;011;20141220140000;20141220140000
9032918;1;1121086724;;;;;;20141220140000
35227683;0;1121086724;2;0;0115;011;20141220140000;20141220140000
9032919;1;1121086725;;;;;;20141220140000
35227684;0;1121086725;2;0;0115;011;20141220140000;20141220140000
9032937;1;1121086743;;;;;;20141220140000
35227702;0;1121086743;2;0;0115;011;20141220140000;20141220140000
9033002;1;1121086808;;;;;;20141220140000
35227767;0;1121086808;2;0;0115;011;20141220140000;20141220140000
9032985;1;1121086791;;;;;;20141220140000
35227750;0;1121086791;2;0;0115;011;20141220140000;20141220140000
9032969;1;1121086775;;;;;;20141220140000
35227734;0;1121086775;2;0;0115;011;20141220140000;20141220140000
9032958;1;1121086764;;;;;;20141220140000
35227723;0;1121086764;2;0;0115;011;20141220140000;20141220140000
9033015;1;1121086821;;;;;;20141220140000
35227780;0;1121086821;2;0;0115;011;20141220140000;20141220140000
9032960;1;1121086766;;;;;;20141220140000
35227725;0;1121086766;2;0;0115;011;20141220140000;20141220140000
9033007;1;1121086813;;;;;;20141220140000
35227772;0;1121086813;2;0;0115;011;20141220140000;20141220140000
9032912;1;1121086718;;;;;;20141220140000
35227677;0;1121086718;2;0;0115;011;20141220140000;20141220140000
9032909;1;1121086715;;;;;;20141220140000
35227674;0;1121086715;2;0;0115;011;20141220140000;20141220140000
9033051;1;1121086857;;;;;;20141220140002
35227816;0;1121086857;2;0;0115;011;20141220140002;20141220140002
9033050;1;1121086856;;;;;;20141220140002
35227815;0;1121086856;2;0;0115;011;20141220140002;20141220140002
9032936;1;1121086742;;;;;;20141220140000
35227701;0;1121086742;2;0;0115;011;20141220140000;20141220140000
9032983;1;1121086789;;;;;;20141220140000
35227748;0;1121086789;2;0;0115;011;20141220140000;20141220140000
9032982;1;1121086788;;;;;;20141220140000
35227747;0;1121086788;2;0;0115;011;20141220140000;20141220140000
9032964;1;1121086770;;;;;;20141220140000
35227729;0;1121086770;2;0;0115;011;20141220140000;20141220140000
9032955;1;1121086761;;;;;;20141220140000
35227720;0;1121086761;2;0;0115;011;20141220140000;20141220140000
9032948;1;1121086754;;;;;;20141220140000
35227713;0;1121086754;2;0;0115;011;20141220140000;20141220140000
9032930;1;1121086736;;;;;;20141220140000
35227695;0;1121086736;2;0;0115;011;20141220140000;20141220140000
9032921;1;1121086727;;;;;;20141220140000
35227686;0;1121086727;2;0;0115;011;20141220140000;20141220140000
9033067;1;1121086873;;;;;;20141220140002
35227832;0;1121086873;2;0;0115;011;20141220140002;20141220140002
9032977;1;1121086783;;;;;;20141220140000
9032951;1;1121086757;;;;;;20141220140000
35227716;0;1121086757;2;0;0115;011;20141220140000;20141220140000
35227742;0;1121086783;2;0;0115;011;20141220140000;20141220140000
9033068;1;1121086874;;;;;;20141220140002
35227833;0;1121086874;2;0;0115;011;20141220140002;20141220140002
9031786;1;1139598528;;;;;;20141220140004
9031784;1;1139598526;;;;;;20141220140004
9033092;1;1121086898;;;;;;20141220140002
35227857;0;1121086898;2;0;0115;011;20141220140002;20141220140002
9033053;1;1121086859;;;;;;20141220140002
35227818;0;1121086859;2;0;0115;011;20141220140002;20141220140002
9031904;1;1139509000;;;;;;20141220140004
9033088;1;1121086894;;;;;;20141220140002
35227853;0;1121086894;2;0;0115;011;20141220140002;20141220140002
9031900;1;1138552001;;;;;;20141220140004
9033082;1;1121086888;;;;;;20141220140002
35227847;0;1121086888;2;0;0115;011;20141220140002;20141220140002
9033014;1;1121086820;;;;;;20141220140000
35227779;0;1121086820;2;0;0115;011;20141220140000;20141220140000
9033011;1;1121086817;;;;;;20141220140000
35227776;0;1121086817;2;0;0115;011;20141220140000;20141220140000
9033091;1;1121086897;;;;;;20141220140002
35227856;0;1121086897;2;0;0115;011;20141220140002;20141220140002
9033079;1;1121086885;;;;;;20141220140002
35227844;0;1121086885;2;0;0115;011;20141220140002;20141220140002
9033081;1;1121086887;;;;;;20141220140002
35227846;0;1121086887;2;0;0115;011;20141220140002;20141220140002
9033075;1;1121086881;;;;;;20141220140002
35227840;0;1121086881;2;0;0115;011;20141220140002;20141220140002
9033064;1;1121086870;;;;;;20141220140002
35227829;0;1121086870;2;0;0115;011;20141220140002;20141220140002
9033069;1;1121086875;;;;;;20141220140002
35227834;0;1121086875;2;0;0115;011;20141220140002;20141220140002
9031794;1;1139598536;;;;;;20141220140004
9033080;1;1121086886;;;;;;20141220140002
35227845;0;1121086886;2;0;0115;011;20141220140002;20141220140002
9031759;1;1139598501;;;;;;20141220140004
9031763;1;1139598505;;;;;;20141220140004
9031787;1;1139598529;;;;;;20141220140004
9033065;1;1121086871;;;;;;20141220140002
35227830;0;1121086871;2;0;0115;011;20141220140002;20141220140002
9031783;1;1139598525;;;;;;20141220140004
9031795;1;1139598537;;;;;;20141220140004
9033055;1;1121086861;;;;;;20141220140002
35227820;0;1121086861;2;0;0115;011;20141220140002;20141220140002
9031768;1;1139598510;;;;;;20141220140004
9033054;1;1121086860;;;;;;20141220140002
35227819;0;1121086860;2;0;0115;011;20141220140002;20141220140002
9031910;1;1133852122;;;;;;20141220140004
9033061;1;1121086867;;;;;;20141220140002
35227826;0;1121086867;2;0;0115;011;20141220140002;20141220140002
9033089;1;1121086895;;;;;;20141220140002
35227854;0;1121086895;2;0;0115;011;20141220140002;20141220140002
9033090;1;1121086896;;;;;;20141220140002
35227855;0;1121086896;2;0;0115;011;20141220140002;20141220140002
9031790;1;1139598532;;;;;;20141220140004
9031767;1;1139598509;;;;;;20141220140005
9031758;1;1139598500;;;;;;20141220140005
9033063;1;1121086869;;;;;;20141220140002
35227828;0;1121086869;2;0;0115;011;20141220140002;20141220140002
9031777;1;1139598519;;;;;;20141220140005
9031788;1;1139598530;;;;;;20141220140005
9031785;1;1139598527;;;;;;20141220140005
9033057;1;1121086863;;;;;;20141220140002
35227822;0;1121086863;2;0;0115;011;20141220140002;20141220140002
9033058;1;1121086864;;;;;;20141220140002
35227823;0;1121086864;2;0;0115;011;20141220140002;20141220140002
9033059;1;1121086865;;;;;;20141220140002
35227824;0;1121086865;2;0;0115;011;20141220140002;20141220140002
9031792;1;1139598534;;;;;;20141220140005
9031762;1;1139598504;;;;;;20141220140005
9033056;1;1121086862;;;;;;20141220140002
35227821;0;1121086862;2;0;0115;011;20141220140002;20141220140002
9031761;1;1139598503;;;;;;20141220140005
9031765;1;1139598507;;;;;;20141220140005
9031766;1;1139598508;;;;;;20141220140005
9033070;1;1121086876;;;;;;20141220140002
35227835;0;1121086876;2;0;0115;011;20141220140002;20141220140002
9033093;1;1121086899;;;;;;20141220140002
35227858;0;1121086899;2;0;0115;011;20141220140002;20141220140002
36283856;0;1127861417;0;0;0125;146;20141220140002;20141220140002
36300152;0;1134583499;0;0;0125;146;20141220140002;20141220140002
9031779;1;1139598521;;;;;;20141220140005
9033083;1;1121086889;;;;;;20141220140002
35227848;0;1121086889;2;0;0115;011;20141220140002;20141220140002
9031789;1;1139598531;;;;;;20141220140005
36386404;0;1127260137;0;0;0115;013;20141220140002;20141220140002
9031791;1;1139598533;;;;;;20141220140005
9033073;1;1121086879;;;;;;20141220140002
35227838;0;1121086879;2;0;0115;011;20141220140002;20141220140002
9031793;1;1139598535;;;;;;20141220140005
9031760;1;1139598502;;;;;;20141220140005
9033086;1;1121086892;;;;;;20141220140002
35227851;0;1121086892;2;0;0115;011;20141220140002;20141220140002
9033085;1;1121086891;;;;;;20141220140002
35227850;0;1121086891;2;0;0115;011;20141220140002;20141220140002
9033084;1;1121086890;;;;;;20141220140002
35227849;0;1121086890;2;0;0115;011;20141220140002;20141220140002
9033087;1;1121086893;;;;;;20141220140002
35227852;0;1121086893;2;0;0115;011;20141220140002;20141220140002
9031775;1;1139598517;;;;;;20141220140005
9033071;1;1121086877;;;;;;20141220140002
35227836;0;1121086877;2;0;0115;011;20141220140002;20141220140002
9031847;1;1139598601;;;;;;20141220140005
9031782;1;1139598524;;;;;;20141220140005
9031848;1;1139598602;;;;;;20141220140005
9031799;1;1139598541;;;;;;20141220140005
9031772;1;1139598514;;;;;;20141220140005
9031781;1;1139598523;;;;;;20141220140005
9031846;1;1139598600;;;;;;20141220140005
9031804;1;1139598546;;;;;;20141220140005
9031856;1;1139598610;;;;;;20141220140005
9031764;1;1139598506;;;;;;20141220140006
9031807;1;1139598549;;;;;;20141220140006
9031806;1;1139598548;;;;;;20141220140006
9033062;1;1121086868;;;;;;20141220140002
35227827;0;1121086868;2;0;0115;011;20141220140002;20141220140002
9033060;1;1121086866;;;;;;20141220140002
35227825;0;1121086866;2;0;0115;011;20141220140002;20141220140002
9033066;1;1121086872;;;;;;20141220140002
35227831;0;1121086872;2;0;0115;011;20141220140002;20141220140002
9031853;1;1139598607;;;;;;20141220140006
9033072;1;1121086878;;;;;;20141220140002
35227837;0;1121086878;2;0;0115;011;20141220140002;20141220140002
9033074;1;1121086880;;;;;;20141220140002
35227839;0;1121086880;2;0;0115;011;20141220140002;20141220140002
9033078;1;1121086884;;;;;;20141220140002
35227843;0;1121086884;2;0;0115;011;20141220140002;20141220140002
9033076;1;1121086882;;;;;;20141220140002
35227841;0;1121086882;2;0;0115;011;20141220140002;20141220140002
9031854;1;1139598608;;;;;;20141220140006
9033077;1;1121086883;;;;;;20141220140002
35227842;0;1121086883;2;0;0115;011;20141220140002;20141220140002
9031851;1;1139598605;;;;;;20141220140006
9031849;1;1139598603;;;;;;20141220140006
9031855;1;1139598609;;;;;;20141220140006
9031850;1;1139598604;;;;;;20141220140006
9031852;1;1139598606;;;;;;20141220140006
9031801;1;1139598543;;;;;;20141220140006
9031805;1;1139598547;;;;;;20141220140006
9031803;1;1139598545;;;;;;20141220140006
9031796;1;1139598538;;;;;;20141220140006
9031797;1;1139598539;;;;;;20141220140006
9031798;1;1139598540;;;;;;20141220140006
9031800;1;1139598542;;;;;;20141220140006
9031858;1;1139598612;;;;;;20141220140006
9031776;1;1139598518;;;;;;20141220140006
9031802;1;1139598544;;;;;;20141220140006
9031872;1;1139598626;;;;;;20141220140006
9031862;1;1139598616;;;;;;20141220140006
9031889;1;1139598643;;;;;;20141220140006
9031769;1;1139598511;;;;;;20141220140006
9031771;1;1139598513;;;;;;20141220140006
9031888;1;1139598642;;;;;;20141220140006
9031773;1;1139598515;;;;;;20141220140006
9031770;1;1139598512;;;;;;20141220140006
9031857;1;1139598611;;;;;;20141220140006
9031780;1;1139598522;;;;;;20141220140006
9031778;1;1139598520;;;;;;20141220140006
9031774;1;1139598516;;;;;;20141220140006
9031863;1;1139598617;;;;;;20141220140006
9031861;1;1139598615;;;;;;20141220140006
9031883;1;1139598637;;;;;;20141220140006
9031885;1;1139598639;;;;;;20141220140006
9031886;1;1139598640;;;;;;20141220140006
9031880;1;1139598634;;;;;;20141220140006
9031869;1;1139598623;;;;;;20141220140006
9031867;1;1139598621;;;;;;20141220140006
9031860;1;1139598614;;;;;;20141220140006
9031884;1;1139598638;;;;;;20141220140006
9031874;1;1139598628;;;;;;20141220140006
9031887;1;1139598641;;;;;;20141220140006
9031882;1;1139598636;;;;;;20141220140006
9031876;1;1139598630;;;;;;20141220140006
9031881;1;1139598635;;;;;;20141220140006
36202344;0;1332296101;0;0;0193;580;20141220140004;20141220140004
9031875;1;1139598629;;;;;;20141220140007
36202359;0;1332296116;0;0;0193;580;20141220140005;20141220140005
9031879;1;1139598633;;;;;;20141220140007
36202345;0;1332296102;0;0;0193;580;20141220140004;20141220140004
9031878;1;1139598632;;;;;;20141220140007
36202360;0;1332296117;0;0;0193;580;20141220140005;20141220140005
36202355;0;1332296112;0;0;0193;580;20141220140005;20141220140005
36202370;0;1332296127;0;0;0193;580;20141220140005;20141220140005
9031891;1;1139598645;;;;;;20141220140007
9031873;1;1139598627;;;;;;20141220140007
9031877;1;1139598631;;;;;;20141220140007
36202354;0;1332296111;0;0;0193;580;20141220140005;20141220140005
9031871;1;1139598625;;;;;;20141220140007
36202353;0;1332296110;0;0;0193;580;20141220140005;20141220140005
9031864;1;1139598618;;;;;;20141220140007
9031868;1;1139598622;;;;;;20141220140007
36202346;0;1332296103;0;0;0193;580;20141220140004;20141220140004
35322950;0;1140035323;0;0;0115;011;20141220140004;20141220140004
9031894;1;1139598648;;;;;;20141220140007
36202357;0;1332296114;0;0;0193;580;20141220140005;20141220140005
36202356;0;1332296113;0;0;0193;580;20141220140005;20141220140005
36202358;0;1332296115;0;0;0193;580;20141220140005;20141220140005
36326994;0;1155081177;2;0;0112;143;20141220140004;20141220140004
36241455;0;2121040472;2;0;0131;021;20141220140006;20141220140006
9031870;1;1139598624;;;;;;20141220140007
9031866;1;1139598620;;;;;;20141220140007
9031865;1;1139598619;;;;;;20141220140007
36241440;0;2121040457;2;0;0131;021;20141220140006;20141220140006
36241458;0;2121040475;2;0;0131;021;20141220140006;20141220140006
36202347;0;1332296104;0;0;0193;580;20141220140005;20141220140005
9031895;1;1139598649;;;;;;20141220140007
36202349;0;1332296106;0;0;0193;580;20141220140005;20141220140005
11993346;1;1145431276;;;;;;20141220140004
36300149;0;1145431276;0;0;0125;146;20141220140004;20141220140004
36202361;0;1332296118;0;0;0193;580;20141220140005;20141220140005
36241441;0;2121040458;2;0;0131;021;20141220140006;20141220140006
36202348;0;1332296105;0;0;0193;580;20141220140005;20141220140005
36202363;0;1332296120;0;0;0193;580;20141220140005;20141220140005
11993352;1;1145474504;;;;;;20141220140004
36300150;0;1145474504;0;0;0125;146;20141220140004;20141220140004
36255859;0;11969979025;0;0;0351;823;20141220140004;20141220140004
35328220;0;1940035323;0;0;0115;011;20141220140006;20141220140006
9031859;1;1139598613;;;;;;20141220140007
36241433;0;2121040450;2;0;0131;021;20141220140006;20141220140006
36202350;0;1332296107;0;0;0193;580;20141220140005;20141220140005
36202352;0;1332296109;0;0;0193;580;20141220140005;20141220140005
36241451;0;2121040468;2;0;0131;021;20141220140006;20141220140006
36202351;0;1332296108;0;0;0193;580;20141220140005;20141220140005
36202369;0;1332296126;0;0;0193;580;20141220140005;20141220140005
36241457;0;2121040474;2;0;0131;021;20141220140006;20141220140006
36332722;0;1332855402;2;0;0112;143;20141220140005;20141220140005
36332743;0;1332855423;2;0;0112;143;20141220140005;20141220140005
36332739;0;1332855419;2;0;0112;143;20141220140005;20141220140005
35323148;0;1740035323;0;0;0115;011;20141220140006;20141220140006
36287818;0;1932317806;0;0;0125;100;20141220140006;20141220140006
9031892;1;1139598646;;;;;;20141220140007
36332726;0;1332855406;2;0;0112;143;20141220140005;20141220140005
9031890;1;1139598644;;;;;;20141220140008
35328699;0;1740035698;0;0;0115;011;20141220140006;20141220140006
35328715;0;1940035698;0;0;0115;011;20141220140006;20141220140006
36203975;0;19991559955;0;0;0351;823;20141220140006;20141220140006
35328626;0;1540035698;0;0;0115;011;20141220140006;20141220140006
36241434;0;2121040451;2;0;0131;021;20141220140006;20141220140006
36202367;0;1332296124;0;0;0193;580;20141220140005;20141220140005
36332741;0;1332855421;2;0;0112;143;20141220140005;20141220140005
32256325;1;11996882390;;;;;;20141220140008
36241456;0;2121040473;2;0;0131;021;20141220140006;20141220140006
36241437;0;2121040454;2;0;0131;021;20141220140006;20141220140006
36241439;0;2121040456;2;0;0131;021;20141220140006;20141220140006
36241435;0;2121040452;2;0;0131;021;20141220140006;20141220140006
36228637;0;11992319583;0;0;0320;010;20141220140004;20141220140004
35322994;0;1240035323;0;0;0115;011;20141220140004;20141220140004
36310498;0;11975259900;0;0;0351;823;20141220140004;20141220140004
9031893;1;1139598647;;;;;;20141220140008
36332733;0;1332855413;2;0;0112;143;20141220140005;20141220140005
36241438;0;2121040455;2;0;0131;021;20141220140006;20141220140006
36202368;0;1332296125;0;0;0193;580;20141220140005;20141220140005
32256323;1;11996882378;;;;;;20141220140008
36241454;0;2121040471;2;0;0131;021;20141220140006;20141220140006
36332740;0;1332855420;2;0;0112;143;20141220140005;20141220140005
36241445;0;2121040462;2;0;0131;021;20141220140006;20141220140006
36241436;0;2121040453;2;0;0131;021;20141220140006;20141220140006
36241442;0;2121040459;2;0;0131;021;20141220140006;20141220140006
36241443;0;2121040460;2;0;0131;021;20141220140006;20141220140006
36241452;0;2121040469;2;0;0131;021;20141220140006;20141220140006
36241444;0;2121040461;2;0;0131;021;20141220140006;20141220140006
35323076;0;1440035323;0;0;0115;011;20141220140006;20141220140006
35328591;0;1440035698;0;0;0115;011;20141220140006;20141220140006
36332747;0;1332855427;2;0;0112;143;20141220140005;20141220140005
35323102;0;1640035323;0;0;0115;016;20141220140006;20141220140006
35323091;0;1540035323;0;0;0115;011;20141220140006;20141220140006
36241446;0;2121040463;2;0;0131;021;20141220140006;20141220140006
36241447;0;2121040464;2;0;0131;021;20141220140006;20141220140006
36241449;0;2121040466;2;0;0131;021;20141220140006;20141220140006
36076304;0;1932563859;0;0;0125;100;20141220140006;20141220140006
36332721;0;1332855401;2;0;0112;143;20141220140005;20141220140005
36202366;0;1332296123;0;0;0193;580;20141220140005;20141220140005
36332742;0;1332855422;2;0;0112;143;20141220140005;20141220140005
36202364;0;1332296121;0;0;0193;580;20141220140005;20141220140005
36332717;0;1332855400;2;0;0112;143;20141220140005;20141220140005
36287627;0;1932566000;0;0;0125;100;20141220140006;20141220140006
36332750;0;1332855429;2;0;0112;143;20141220140005;20141220140005
35328652;0;1640035698;0;0;0115;016;20141220140006;20141220140006
36332744;0;1332855424;2;0;0112;143;20141220140005;20141220140005
36332738;0;1332855418;2;0;0112;143;20141220140005;20141220140005
35323190;0;1840035323;0;0;0115;011;20141220140006;20141220140006
36332749;0;1332855428;2;0;0112;143;20141220140005;20141220140005
36332745;0;1332855425;2;0;0112;143;20141220140005;20141220140005
36332746;0;1332855426;2;0;0112;143;20141220140005;20141220140005
36332737;0;1332855417;2;0;0112;143;20141220140005;20141220140005
36241448;0;2121040465;2;0;0131;021;20141220140006;20141220140006
36241450;0;2121040467;2;0;0131;021;20141220140006;20141220140006
35328523;0;1240035698;0;0;0115;011;20141220140004;20141220140004
36202343;0;1332296100;0;0;0193;580;20141220140004;20141220140004
36385349;0;1238622780;0;0;0115;011;20141220140004;20141220140004
36332725;0;1332855405;2;0;0112;143;20141220140005;20141220140005
35323057;0;1340035323;0;0;0115;011;20141220140005;20141220140005
35328558;0;1340035698;0;0;0115;011;20141220140005;20141220140005
36294483;0;21969147071;0;0;0351;824;20141220140007;20141220140007
36202372;0;1332296129;0;0;0193;580;20141220140005;20141220140005
36241453;0;2121040470;2;0;0131;021;20141220140006;20141220140006
36332729;0;1332855409;2;0;0112;143;20141220140005;20141220140005
36332728;0;1332855408;2;0;0112;143;20141220140005;20141220140005
36202365;0;1332296122;0;0;0193;580;20141220140005;20141220140005
36202362;0;1332296119;0;0;0193;580;20141220140005;20141220140005
36241478;0;2121040495;2;0;0131;021;20141220140007;20141220140007
27127397;1;2124286411;;;;;;20141220140007
36368513;0;2124286411;0;0;0131;021;20141220140007;20141220140007
36241477;0;2121040494;2;0;0131;021;20141220140007;20141220140007
36241464;0;2121040481;2;0;0131;021;20141220140006;20141220140006
36241479;0;2121040496;2;0;0131;021;20141220140007;20141220140007
36202371;0;1332296128;0;0;0193;580;20141220140005;20141220140005
36241466;0;2121040483;2;0;0131;021;20141220140006;20141220140006
36370150;0;3135995120;0;0;0131;031;20141220140008;20141220140008
36241465;0;2121040482;2;0;0131;021;20141220140006;20141220140006
32529984;1;2732819658;;;;;;20141220140007
36368713;0;2732819658;0;0;0131;027;20141220140007;20141220140007
36369760;0;2126181594;0;0;0131;021;20141220140007;20141220140007
36241468;0;2121040485;2;0;0131;021;20141220140006;20141220140006
36241467;0;2121040484;2;0;0131;021;20141220140006;20141220140006
36241469;0;2121040486;2;0;0131;021;20141220140006;20141220140006
36368755;0;2126936981;0;0;0131;021;20141220140007;20141220140007
36241480;0;2121040497;2;0;0131;021;20141220140007;20141220140007
36332736;0;1332855416;2;0;0112;143;20141220140005;20141220140005
36332735;0;1332855415;2;0;0112;143;20141220140005;20141220140005
36332734;0;1332855414;2;0;0112;143;20141220140005;20141220140005
36368210;0;2122210497;0;0;0131;021;20141220140007;20141220140007
36241470;0;2121040487;2;0;0131;021;20141220140006;20141220140006
36241481;0;2121040498;2;0;0131;021;20141220140007;20141220140007
36369762;0;2127631866;0;0;0131;021;20141220140007;20141220140007
36241482;0;2121040499;2;0;0131;021;20141220140007;20141220140007
36241473;0;2121040490;2;0;0131;021;20141220140007;20141220140007
36385273;0;2121542295;0;0;0121;221;20141220140007;20141220140007
35323319;0;3240035323;0;0;0215;931;20141220140008;20141220140008
36366690;0;3136898384;0;0;0131;031;20141220140008;20141220140008
35328424;0;4740035323;0;0;0215;948;20141220140008;20141220140008
36370237;0;2137114623;0;0;0131;021;20141220140007;20141220140007
36332724;0;1332855404;2;0;0112;143;20141220140005;20141220140005
36332723;0;1332855403;2;0;0112;143;20141220140005;20141220140005
36241461;0;2121040478;2;0;0131;021;20141220140006;20141220140006
36241459;0;2121040476;2;0;0131;021;20141220140006;20141220140006
36332727;0;1332855407;2;0;0112;143;20141220140005;20141220140005
36332731;0;1332855411;2;0;0112;143;20141220140005;20141220140005
36332732;0;1332855412;2;0;0112;143;20141220140005;20141220140005
36332730;0;1332855410;2;0;0112;143;20141220140005;20141220140005
36241463;0;2121040480;2;0;0131;021;20141220140006;20141220140006
36241462;0;2121040479;2;0;0131;021;20141220140006;20141220140006
36241460;0;2121040477;2;0;0131;021;20141220140006;20141220140006
35329918;0;7140035698;0;0;0215;971;20141220140008;20141220140008
36369382;0;2137526819;0;0;0131;021;20141220140007;20141220140007
36294456;0;21993205323;0;0;0351;824;20141220140007;20141220140007
35328829;0;2140035698;0;0;0215;921;20141220140007;20141220140007
36369754;0;2124643898;0;0;0131;021;20141220140007;20141220140007
36368756;0;2134537505;0;0;0131;021;20141220140007;20141220140007
36368958;0;2733911535;0;0;0131;027;20141220140008;20141220140008
36241471;0;2121040488;2;0;0131;021;20141220140006;20141220140006
36385660;0;2132469192;0;0;0121;221;20141220140007;20141220140007
36367217;0;2127142155;0;0;0131;021;20141220140007;20141220140007
36368754;0;2127586868;0;0;0131;021;20141220140007;20141220140007
36370238;0;2137699467;0;0;0131;021;20141220140007;20141220140007
35323199;0;2140035323;0;0;0215;921;20141220140007;20141220140007
36368514;0;2137813809;0;0;0131;021;20141220140007;20141220140007
35328313;0;3740035323;0;0;0215;931;20141220140008;20141220140008
35323554;0;4140035323;0;0;0215;941;20141220140008;20141220140008
35327744;0;7540035323;0;0;0215;971;20141220140009;20141220140009
25525708;1;2136616223;;;;;;20141220140007
36366411;0;2136616223;0;0;0131;021;20141220140007;20141220140007
36369381;0;2127633138;0;0;0131;021;20141220140007;20141220140007
35910480;1;2433499069;;;;;;20141220140007
36366408;0;2433499069;0;0;0131;021;20141220140007;20141220140007
36370391;0;7132870524;0;0;0131;071;20141220140008;20141220140008
35327560;0;7140035323;0;0;0215;971;20141220140008;20141220140008
11281483;1;21994210757;;;;;;20141220140007
36308115;0;21994210757;0;0;0351;824;20141220140007;20141220140007
36369755;0;2433564304;0;0;0131;021;20141220140007;20141220140007
35327641;0;7340035323;0;0;0215;971;20141220140008;20141220140008
36368208;0;2137623839;0;0;0131;021;20141220140007;20141220140007
36241475;0;2121040492;2;0;0131;021;20141220140007;20141220140007
36366772;0;2137053506;0;0;0131;021;20141220140007;20141220140007
36367082;0;2733280833;0;0;0131;027;20141220140008;20141220140008
36372157;0;2732169702;0;0;0131;027;20141220140008;20141220140008
35323982;0;6240035323;0;0;0215;960;20141220140008;20141220140008
36241472;0;2121040489;2;0;0131;021;20141220140007;20141220140007
31686716;1;3134213053;;;;;;20141220140008
36372158;0;3134213053;0;0;0131;031;20141220140008;20141220140008
36369756;0;2226471813;0;0;0131;021;20141220140007;20141220140007
35323212;0;2440035323;0;0;0215;921;20141220140007;20141220140007
35328868;0;3140035698;0;0;0215;931;20141220140008;20141220140008
36371811;0;3132623761;0;0;0131;031;20141220140008;20141220140008
35323273;0;3140035323;0;0;0215;931;20141220140008;20141220140008
14673241;1;3134768699;;;;;;20141220140008
36385558;0;3134768699;0;0;0121;232;20141220140008;20141220140008
35328840;0;2740035698;0;0;0215;927;20141220140008;20141220140008
36368935;0;3134871402;0;0;0131;031;20141220140008;20141220140008
36303468;0;21996943750;0;0;0351;824;20141220140007;20141220140007
36191390;0;21995320272;0;0;0341;421;20141220140007;20141220140007
36241474;0;2121040491;2;0;0131;021;20141220140007;20141220140007
36289815;0;8333334270;0;0;0125;446;20141220140009;20141220140009
35328902;0;3440035698;0;0;0215;934;20141220140008;20141220140008
35328256;0;3440035323;0;0;0215;934;20141220140008;20141220140008
35323228;0;2740035323;0;0;0215;927;20141220140008;20141220140008
35327515;0;6940035323;0;0;0215;969;20141220140008;20141220140008
35323360;0;3340035323;0;0;0215;931;20141220140008;20141220140008
4606095;1;8332456139;;;;;;20141220140009
36301808;0;8332456139;0;0;0125;446;20141220140009;20141220140009
10110939;1;8332457834;;;;;;20141220140009
36274997;0;8332457834;0;0;0125;446;20141220140009;20141220140009
35323451;0;3840035323;0;0;0215;931;20141220140008;20141220140008
35323943;0;5440035323;0;0;0215;951;20141220140008;20141220140008
36241476;0;2121040493;2;0;0131;021;20141220140007;20141220140007
35329490;0;4140035698;0;0;0215;941;20141220140008;20141220140008
35329887;0;6740035698;0;0;0215;967;20141220140008;20141220140008
35327461;0;6740035323;0;0;0215;967;20141220140008;20141220140008
35323837;0;5140035323;0;0;0215;951;20141220140008;20141220140008
35327318;0;6540035323;0;0;0215;965;20141220140008;20141220140008
35328457;0;6140035323;0;0;0215;961;20141220140008;20141220140008
35329589;0;4740035698;0;0;0215;948;20141220140008;20141220140008
35327940;0;8440035323;0;0;0215;984;20141220140009;20141220140009
35824706;0;7581982928;0;0;0320;070;20141220140008;20141220140008
36202400;0;8007719610;1;0;0193;580;20141220140009;20141220140009
36328060;0;8432721296;0;0;0152;544;20141220140009;20141220140009
35327698;0;7440035323;0;0;0215;971;20141220140008;20141220140008
35327861;0;8240035323;0;0;0215;982;20141220140009;20141220140009
36296956;0;8233739142;0;0;0125;464;20141220140009;20141220140009
35327801;0;8140035323;0;0;0215;981;20141220140009;20141220140009
35766431;0;7581982966;0;0;0320;070;20141220140009;20141220140009
634771;1;7591117506;;;;;;20141220140009
35766427;0;7591117506;0;0;0320;070;20141220140009;20141220140009
9033141;1;8000149922;;;;;;20141220140009
35507322;0;8000149922;1;0;0115;011;20141220140009;20141220140009
35327772;0;7940035323;0;0;0215;979;20141220140009;20141220140009
36294934;0;8233174353;0;0;0125;464;20141220140009;20141220140009
16829894;1;8006043000;;;;;;20141220140009
35918819;0;8006043000;1;0;0125;165;20141220140009;20141220140009
9420841;1;8000147720;;;;;;20141220140009
35502277;0;8000147720;1;0;0115;011;20141220140009;20141220140009
35328365;0;4240035323;0;0;0215;941;20141220140008;20141220140008
35323631;0;4340035323;0;0;0215;943;20141220140008;20141220140008
9420828;1;8000161313;;;;;;20141220140009
35509211;0;8000161313;1;0;0115;011;20141220140009;20141220140009
35323765;0;4540035323;0;0;0215;941;20141220140008;20141220140008
36372294;0;8135213813;0;0;0131;081;20141220140009;20141220140009
36191010;0;7598850173;0;0;0341;074;20141220140009;20141220140009
9033142;1;8000552001;;;;;;20141220140009
35508001;0;8000552001;1;0;0115;011;20141220140009;20141220140009
35323705;0;4440035323;0;0;0215;941;20141220140008;20141220140008
35329554;0;4340035698;0;0;0215;943;20141220140008;20141220140008
9033143;1;8000149000;;;;;;20141220140009
35509027;0;8000149000;1;0;0115;011;20141220140009;20141220140009
9036257;1;8533086505;;;;;;20141220140010
36196888;0;8533086505;2;0;0131;085;20141220140010;20141220140010
35323797;0;4840035323;0;0;0215;948;20141220140008;20141220140008
36244658;0;7536257535;0;0;0125;387;20141220140008;20141220140008
9420821;1;8000113000;;;;;;20141220140009
35502359;0;8000113000;1;0;0115;011;20141220140009;20141220140009
9036254;1;8533086502;;;;;;20141220140009
36196885;0;8533086502;2;0;0131;085;20141220140009;20141220140009
16829893;1;8007090580;;;;;;20141220140009
35918667;0;8007090580;1;0;0125;165;20141220140009;20141220140009
36328043;0;8432720813;0;0;0152;544;20141220140009;20141220140009
36328062;0;8432181111;0;0;0152;544;20141220140009;20141220140009
9420830;1;8007702166;;;;;;20141220140009
35502445;0;8007702166;1;0;0115;011;20141220140009;20141220140009
21136891;1;8006043030;;;;;;20141220140009
35918796;0;8006043030;1;0;0125;165;20141220140009;20141220140009
26346464;1;8130935700;;;;;;20141220140009
36385799;0;8130935700;0;0;0121;281;20141220140009;20141220140009
9036252;1;8533086500;;;;;;20141220140009
36196883;0;8533086500;2;0;0131;085;20141220140009;20141220140009
9036259;1;8533086507;;;;;;20141220140010
36196890;0;8533086507;2;0;0131;085;20141220140010;20141220140010
9036255;1;8533086503;;;;;;20141220140009
36196886;0;8533086503;2;0;0131;085;20141220140009;20141220140009
634772;1;7591318624;;;;;;20141220140009
35766428;0;7591318624;0;0;0320;070;20141220140009;20141220140009
36370596;0;8432786619;0;0;0131;084;20141220140009;20141220140009
22709236;1;8436080506;;;;;;20141220140009
36321346;0;8436080506;0;0;0152;544;20141220140009;20141220140009
36328053;0;8430820452;0;0;0152;544;20141220140009;20141220140009
30258206;1;8432014679;;;;;;20141220140009
36328009;0;8432014679;0;0;0152;544;20141220140009;20141220140009
30787421;1;8422264709;;;;;;20141220140009
36328016;0;8422264709;0;0;0152;544;20141220140009;20141220140009
35327895;0;8340035323;0;0;0215;983;20141220140009;20141220140009
36328023;0;8432063439;0;0;0152;544;20141220140009;20141220140009
36258601;0;8335761306;0;0;0125;446;20141220140009;20141220140009
36041207;0;8335763032;0;0;0125;446;20141220140009;20141220140009
35329426;0;3740035698;0;0;0215;931;20141220140008;20141220140008
35329616;0;5140035698;0;0;0215;951;20141220140008;20141220140008
9036258;1;8533086506;;;;;;20141220140010
36196889;0;8533086506;2;0;0131;085;20141220140010;20141220140010
35329700;0;6140035698;0;0;0215;961;20141220140008;20141220140008
9036261;1;8533086509;;;;;;20141220140010
36196892;0;8533086509;2;0;0131;085;20141220140010;20141220140010
36328003;0;8432139088;0;0;0152;544;20141220140009;20141220140009
36367833;0;7932458503;0;0;0131;079;20141220140009;20141220140009
9420805;1;8000123355;;;;;;20141220140009
35507514;0;8000123355;1;0;0115;011;20141220140009;20141220140009
634773;1;7591410017;;;;;;20141220140009
35766433;0;7591410017;0;0;0320;070;20141220140009;20141220140009
9036253;1;8533086501;;;;;;20141220140009
36196884;0;8533086501;2;0;0131;085;20141220140009;20141220140009
9036256;1;8533086504;;;;;;20141220140010
36196887;0;8533086504;2;0;0131;085;20141220140010;20141220140010
36328073;0;8436451094;0;0;0152;544;20141220140009;20141220140009
36328026;0;8436453122;0;0;0152;544;20141220140009;20141220140009
9036262;1;8533086510;;;;;;20141220140010
36196893;0;8533086510;2;0;0131;085;20141220140010;20141220140010
9036269;1;8533086517;;;;;;20141220140010
36196900;0;8533086517;2;0;0131;085;20141220140010;20141220140010
9036263;1;8533086511;;;;;;20141220140010
36196894;0;8533086511;2;0;0131;085;20141220140010;20141220140010
9036260;1;8533086508;;;;;;20141220140010
36196891;0;8533086508;2;0;0131;085;20141220140010;20141220140010
9036264;1;8533086512;;;;;;20141220140010
36196895;0;8533086512;2;0;0131;085;20141220140010;20141220140010
9036295;1;8533086543;;;;;;20141220140010
36196926;0;8533086543;2;0;0131;085;20141220140010;20141220140010
9036276;1;8533086524;;;;;;20141220140010
36196907;0;8533086524;2;0;0131;085;20141220140010;20141220140010
35328048;0;9240035323;0;0;0215;992;20141220140010;20141220140010
35328168;0;9840035323;0;0;0215;998;20141220140010;20141220140010
9036271;1;8533086519;;;;;;20141220140010
36196902;0;8533086519;2;0;0131;085;20141220140010;20141220140010
9036299;1;8533086547;;;;;;20141220140010
36196930;0;8533086547;2;0;0131;085;20141220140010;20141220140010
9036266;1;8533086514;;;;;;20141220140010
36196897;0;8533086514;2;0;0131;085;20141220140010;20141220140010
9036265;1;8533086513;;;;;;20141220140010
36196896;0;8533086513;2;0;0131;085;20141220140010;20141220140010
9036288;1;8533086536;;;;;;20141220140010
36196919;0;8533086536;2;0;0131;085;20141220140010;20141220140010
9036287;1;8533086535;;;;;;20141220140010
36196918;0;8533086535;2;0;0131;085;20141220140010;20141220140010
9036290;1;8533086538;;;;;;20141220140010
36196921;0;8533086538;2;0;0131;085;20141220140010;20141220140010
9036282;1;8533086530;;;;;;20141220140010
36196913;0;8533086530;2;0;0131;085;20141220140010;20141220140010
9036298;1;8533086546;;;;;;20141220140010
36196929;0;8533086546;2;0;0131;085;20141220140010;20141220140010
9036291;1;8533086539;;;;;;20141220140010
36196922;0;8533086539;2;0;0131;085;20141220140010;20141220140010
9036273;1;8533086521;;;;;;20141220140010
36196904;0;8533086521;2;0;0131;085;20141220140010;20141220140010
35328123;0;9340035323;0;0;0215;991;20141220140010;20141220140010
9036280;1;8533086528;;;;;;20141220140010
36196911;0;8533086528;2;0;0131;085;20141220140010;20141220140010
9036268;1;8533086516;;;;;;20141220140010
36196899;0;8533086516;2;0;0131;085;20141220140010;20141220140010
9036277;1;8533086525;;;;;;20141220140010
36196908;0;8533086525;2;0;0131;085;20141220140010;20141220140010
9036283;1;8533086531;;;;;;20141220140010
36196914;0;8533086531;2;0;0131;085;20141220140010;20141220140010
9036274;1;8533086522;;;;;;20141220140010
36196905;0;8533086522;2;0;0131;085;20141220140010;20141220140010
9036289;1;8533086537;;;;;;20141220140010
36196920;0;8533086537;2;0;0131;085;20141220140010;20141220140010
9036270;1;8533086518;;;;;;20141220140010
36196901;0;8533086518;2;0;0131;085;20141220140010;20141220140010
9036297;1;8533086545;;;;;;20141220140010
36196928;0;8533086545;2;0;0131;085;20141220140010;20141220140010
9036286;1;8533086534;;;;;;20141220140010
36196917;0;8533086534;2;0;0131;085;20141220140010;20141220140010
9036293;1;8533086541;;;;;;20141220140010
36196924;0;8533086541;2;0;0131;085;20141220140010;20141220140010
9036292;1;8533086540;;;;;;20141220140010
36196923;0;8533086540;2;0;0131;085;20141220140010;20141220140010
35329947;0;8540035698;0;0;0215;985;20141220140010;20141220140010
35327978;0;8540035323;0;0;0215;985;20141220140010;20141220140010
9036278;1;8533086526;;;;;;20141220140010
36196909;0;8533086526;2;0;0131;085;20141220140010;20141220140010
9036301;1;8533086549;;;;;;20141220140010
36196932;0;8533086549;2;0;0131;085;20141220140010;20141220140010
9036279;1;8533086527;;;;;;20141220140010
36196910;0;8533086527;2;0;0131;085;20141220140010;20141220140010
9036296;1;8533086544;;;;;;20141220140010
36196927;0;8533086544;2;0;0131;085;20141220140010;20141220140010
9036294;1;8533086542;;;;;;20141220140010
36196925;0;8533086542;2;0;0131;085;20141220140010;20141220140010
9036285;1;8533086533;;;;;;20141220140010
36196916;0;8533086533;2;0;0131;085;20141220140010;20141220140010
35328005;0;9140035323;0;0;0215;991;20141220140010;20141220140010
9036272;1;8533086520;;;;;;20141220140010
36196903;0;8533086520;2;0;0131;085;20141220140010;20141220140010
9036300;1;8533086548;;;;;;20141220140010
36196931;0;8533086548;2;0;0131;085;20141220140010;20141220140010
9036267;1;8533086515;;;;;;20141220140010
36196898;0;8533086515;2;0;0131;085;20141220140010;20141220140010
9036275;1;8533086523;;;;;;20141220140010
36196906;0;8533086523;2;0;0131;085;20141220140010;20141220140010
9036284;1;8533086532;;;;;;20141220140010
36196915;0;8533086532;2;0;0131;085;20141220140010;20141220140010
9036281;1;8533086529;;;;;;20141220140010
36196912;0;8533086529;2;0;0131;085;20141220140010;20141220140010
ec08309bb9eee18f65baf9cb8b51dae6