20141221155000;137
36316572;0;1432839818;2;0;0121;212;20141221140000;20141221140000
36218797;0;16996082212;0;0;0341;411;20141221140000;20141221140000
36218153;0;16997013107;0;0;0341;411;20141221140000;20141221140000
36218821;0;16997199524;0;0;0341;411;20141221140000;20141221140000
36275858;0;8007701415;1;0;0121;212;20141221140000;20141221140000
36396660;0;1144423323;0;0;0115;011;20141221140000;20141221140000
36218796;0;16996078476;0;0;0341;411;20141221140000;20141221140000
36218820;0;16997198457;0;0;0341;411;20141221140000;20141221140000
36218839;0;16997867740;0;0;0341;411;20141221140000;20141221140000
36274880;0;8007739091;1;0;0121;212;20141221140000;20141221140000
36275765;0;8007772211;1;0;0121;212;20141221140000;20141221140000
36386632;0;2127684650;0;0;0131;021;20141221140000;20141221140000
36218832;0;16997344548;0;0;0341;411;20141221140000;20141221140000
36218801;0;16997037292;0;0;0341;411;20141221140000;20141221140000
36386117;0;2127638824;0;0;0131;021;20141221140000;20141221140000
36218151;0;16996082085;0;0;0341;411;20141221140000;20141221140000
36218838;0;16997866409;0;0;0341;411;20141221140000;20141221140000
36218794;0;16996068875;0;0;0341;411;20141221140000;20141221140000
36316536;0;1432839816;2;0;0121;212;20141221140000;20141221140000
36218795;0;16996071130;0;0;0341;411;20141221140000;20141221140000
36388966;0;2136635031;0;0;0131;021;20141221140000;20141221140000
36387020;0;2137553069;0;0;0131;021;20141221140000;20141221140000
36218150;0;16996076101;0;0;0341;411;20141221140000;20141221140000
36218152;0;16996083804;0;0;0341;411;20141221140000;20141221140000
36396722;0;1231256431;0;0;0115;011;20141221140000;20141221140000
36218809;0;16997118363;0;0;0341;411;20141221140000;20141221140000
36218810;0;16997131820;0;0;0341;411;20141221140000;20141221140000
36218815;0;16997161570;0;0;0341;411;20141221140000;20141221140000
36387284;0;2136992789;0;0;0131;021;20141221140000;20141221140000
36386441;0;2133514801;0;0;0131;021;20141221140000;20141221140000
36388645;0;3134541853;0;0;0131;031;20141221140000;20141221140000
36218842;0;16999944810;0;0;0341;411;20141221140000;20141221140000
36218803;0;16997045046;0;0;0341;411;20141221140000;20141221140000
32104483;1;2131345261;;;;;;20141221140000
36388783;0;2127526473;0;0;0131;021;20141221140000;20141221140000
36386817;0;2131345261;0;0;0131;021;20141221140000;20141221140000
36218806;0;16997064719;0;0;0341;411;20141221140000;20141221140000
36218804;0;16997046614;0;0;0341;411;20141221140000;20141221140000
36316515;0;1432839811;2;0;0121;212;20141221140000;20141221140000
36218799;0;16997014193;0;0;0341;411;20141221140000;20141221140000
36316517;0;1432839812;2;0;0121;212;20141221140000;20141221140000
36218837;0;16997823649;0;0;0341;411;20141221140000;20141221140000
36316567;0;1432839817;2;0;0121;212;20141221140000;20141221140000
36316533;0;1432839815;2;0;0121;212;20141221140000;20141221140000
36218158;0;16997441016;0;0;0341;411;20141221140000;20141221140000
36218800;0;16997029779;0;0;0341;411;20141221140000;20141221140000
36396643;0;1125544734;0;0;0115;011;20141221140000;20141221140000
36389278;0;3135926346;0;0;0131;031;20141221140000;20141221140000
36218163;0;16997832872;0;0;0341;411;20141221140000;20141221140000
36275629;0;8007700900;1;0;0121;212;20141221140000;20141221140000
36316606;0;1432839827;2;0;0121;212;20141221140000;20141221140000
36218802;0;16997039807;0;0;0341;411;20141221140000;20141221140000
36388196;0;3133944976;0;0;0131;031;20141221140000;20141221140000
36387019;0;2137061196;0;0;0131;021;20141221140000;20141221140000
31045947;1;2124529045;;;;;;20141221140000
36218811;0;16997131904;0;0;0341;411;20141221140000;20141221140000
36387022;0;2124529045;0;0;0131;021;20141221140000;20141221140000
36316608;0;1432839828;2;0;0121;212;20141221140000;20141221140000
36316576;0;1432839819;2;0;0121;212;20141221140000;20141221140000
36387505;0;2137711998;0;0;0131;021;20141221140000;20141221140000
36218841;0;16999919352;0;0;0341;411;20141221140000;20141221140000
36218823;0;16997227115;0;0;0341;411;20141221140000;20141221140000
32831809;1;3134711658;;;;;;20141221140000
36388644;0;3134711658;0;0;0131;031;20141221140000;20141221140000
36218160;0;16997467958;0;0;0341;411;20141221140000;20141221140000
36218831;0;16997321105;0;0;0341;411;20141221140000;20141221140000
36218155;0;16997251455;0;0;0341;411;20141221140000;20141221140000
36218816;0;16997171372;0;0;0341;411;20141221140000;20141221140000
36388643;0;3134167790;0;0;0131;031;20141221140000;20141221140000
36218818;0;16997185592;0;0;0341;411;20141221140000;20141221140000
36316588;0;1432839823;2;0;0121;212;20141221140000;20141221140000
36218813;0;16997142384;0;0;0341;411;20141221140000;20141221140000
36218159;0;16997467107;0;0;0341;411;20141221140000;20141221140000
36218830;0;16997320039;0;0;0341;411;20141221140000;20141221140000
36218808;0;16997077926;0;0;0341;411;20141221140000;20141221140000
36218798;0;16996088029;0;0;0341;411;20141221140000;20141221140000
36218156;0;16997316954;0;0;0341;411;20141221140000;20141221140000
36218824;0;16997241455;0;0;0341;411;20141221140000;20141221140000
36316592;0;1432839824;2;0;0121;212;20141221140000;20141221140000
36218164;0;16997866708;0;0;0341;411;20141221140000;20141221140000
36218829;0;16997292457;0;0;0341;411;20141221140000;20141221140000
36218826;0;16997258628;0;0;0341;411;20141221140000;20141221140000
36387021;0;2138665878;0;0;0131;021;20141221140000;20141221140000
36218825;0;16997246343;0;0;0341;411;20141221140000;20141221140000
36218835;0;16997418457;0;0;0341;411;20141221140000;20141221140000
36316528;0;1432839814;2;0;0121;212;20141221140000;20141221140000
36218828;0;16997284119;0;0;0341;411;20141221140000;20141221140000
36218805;0;16997055661;0;0;0341;411;20141221140000;20141221140000
36218836;0;16997418463;0;0;0341;411;20141221140000;20141221140000
36218157;0;16997412206;0;0;0341;411;20141221140000;20141221140000
36218166;0;16999758102;0;0;0341;411;20141221140000;20141221140000
36218822;0;16997225586;0;0;0341;411;20141221140000;20141221140000
36388965;0;2125845117;0;0;0131;021;20141221140000;20141221140000
36316601;0;1432839826;2;0;0121;212;20141221140000;20141221140000
36218154;0;16997240883;0;0;0341;411;20141221140000;20141221140000
36218827;0;16997263712;0;0;0341;411;20141221140000;20141221140000
36218840;0;16997911700;0;0;0341;411;20141221140000;20141221140000
36316598;0;1432839825;2;0;0121;212;20141221140000;20141221140000
36218834;0;16997398145;0;0;0341;411;20141221140000;20141221140000
36388621;0;2124153063;0;0;0131;021;20141221140000;20141221140000
36218167;0;16999927637;0;0;0341;411;20141221140000;20141221140000
36388160;0;2226477981;0;0;0131;021;20141221140000;20141221140000
36218817;0;16997184434;0;0;0341;411;20141221140000;20141221140000
36218814;0;16997147367;0;0;0341;411;20141221140000;20141221140000
36218807;0;16997076204;0;0;0341;411;20141221140000;20141221140000
36218708;0;16996012320;0;0;0341;411;20141221140000;20141221140000
33104485;1;1139415530;;;;;;20141221140000
36396504;0;1139415530;0;0;0115;011;20141221140000;20141221140000
36396663;0;2139052863;0;0;0121;221;20141221140000;20141221140000
36316580;0;1432839820;2;0;0121;212;20141221140000;20141221140000
36386440;0;2136559950;0;0;0131;021;20141221140000;20141221140000
36386633;0;2126321236;0;0;0131;021;20141221140000;20141221140000
36386116;0;2126231787;0;0;0131;021;20141221140000;20141221140000
36218162;0;16997687754;0;0;0341;411;20141221140000;20141221140000
36386439;0;2126025699;0;0;0131;021;20141221140000;20141221140000
36387283;0;2132737194;0;0;0131;021;20141221140000;20141221140000
36316509;0;1432839810;2;0;0121;212;20141221140000;20141221140000
24658289;1;2126596521;;;;;;20141221140000
36386631;0;2126596521;0;0;0131;021;20141221140000;20141221140000
36218819;0;16997197029;0;0;0341;411;20141221140000;20141221140000
36316522;0;1432839813;2;0;0121;212;20141221140000;20141221140000
36396633;0;1334779020;0;0;0115;011;20141221140000;20141221140000
12560151;1;2226438878;;;;;;20141221140000
36388784;0;2226438878;0;0;0131;021;20141221140000;20141221140000
36388620;0;2126333348;0;0;0131;021;20141221140000;20141221140000
36218165;0;16997939271;0;0;0341;411;20141221140000;20141221140000
36218087;0;16996060076;0;0;0341;411;20141221140000;20141221140000
36316615;0;1432839829;2;0;0121;212;20141221140000;20141221140000
36316585;0;1432839822;2;0;0121;212;20141221140000;20141221140000
36316582;0;1432839821;2;0;0121;212;20141221140000;20141221140000
36218833;0;16997347051;0;0;0341;411;20141221140000;20141221140000
36388377;0;3132880143;0;0;0131;031;20141221140000;20141221140000
36218793;0;16996060675;0;0;0341;411;20141221140000;20141221140000
36218161;0;16997618953;0;0;0341;411;20141221140000;20141221140000
36271589;0;800117172;1;0;0121;212;20141221140000;20141221140000
f85cca81d48dc7927ad689c6dba99e51