20141229175005;1365
36385468;0;1126686760;0;0;0125;146;20141229160000;20141229160000
35836422;0;1123383883;0;0;0125;100;20141229160000;20141229160000
36285726;0;1123557519;0;0;0125;146;20141229160000;20141229160000
36473054;0;1132078252;0;0;0115;011;20141229160000;20141229160000
36412203;0;1123796149;0;0;0125;146;20141229160000;20141229160000
36387719;0;1127597427;0;0;0125;146;20141229160000;20141229160000
36386421;0;1127017061;0;0;0125;146;20141229160000;20141229160000
36374126;0;1128967291;0;0;0125;146;20141229160000;20141229160000
36407319;0;1144613778;0;0;0125;146;20141229160000;20141229160000
29785344;1;1144580858;;;;;;20141229160000
36360141;0;1144580858;0;0;0125;146;20141229160000;20141229160000
2400850;1;1144725299;;;;;;20141229160000
36389679;0;1144725299;0;0;0125;146;20141229160000;20141229160000
14608906;1;1141775742;;;;;;20141229160000
35986959;0;1141775742;0;0;0125;146;20141229160000;20141229160000
2245153;1;1144614752;;;;;;20141229160000
36203852;0;1144614752;0;0;0125;146;20141229160000;20141229160000
36410829;0;1128057766;0;0;0125;146;20141229160000;20141229160000
36382337;0;1144728847;0;0;0125;146;20141229160000;20141229160000
36419391;0;1137980824;0;0;0125;100;20141229160000;20141229160000
12220966;1;1144762534;;;;;;20141229160001
36315972;0;1144762534;0;0;0125;146;20141229160001;20141229160001
36418743;0;1124382163;0;0;0125;100;20141229160000;20141229160000
36367258;0;1141774059;0;0;0125;146;20141229160000;20141229160000
36303201;0;1123756642;0;0;0125;146;20141229160000;20141229160000
28627603;1;1134390468;;;;;;20141229160000
36385791;0;1134390468;0;0;0125;146;20141229160000;20141229160000
7343204;1;1131041011;;;;;;20141229160000
36390285;0;1131041011;0;0;0125;100;20141229160000;20141229160000
36335704;0;1127094303;0;0;0125;100;20141229160000;20141229160000
36388604;0;1136969517;0;0;0125;100;20141229160000;20141229160000
36419210;0;1144574472;0;0;0125;146;20141229160000;20141229160000
36416184;0;1144532050;0;0;0125;146;20141229160000;20141229160000
36392040;0;1137910107;0;0;0125;100;20141229160000;20141229160000
36386982;0;1141271077;0;0;0125;146;20141229160000;20141229160000
36475054;0;1141392634;0;0;0115;011;20141229160000;20141229160000
36252785;0;1143564166;0;0;0125;146;20141229160000;20141229160000
36352558;0;1125643825;0;0;0125;146;20141229160000;20141229160000
36342405;0;1125346851;0;0;0125;146;20141229160000;20141229160000
36160797;0;1143763078;0;0;0125;100;20141229160000;20141229160000
36389702;0;1123122567;0;0;0125;146;20141229160000;20141229160000
36475046;0;1141392014;0;0;0115;011;20141229160000;20141229160000
36418455;0;1136919056;0;0;0125;100;20141229160000;20141229160000
36408665;0;1144533617;0;0;0125;146;20141229160000;20141229160000
20748116;1;1144795388;;;;;;20141229160001
36390597;0;1144795388;0;0;0125;146;20141229160001;20141229160001
8295352;1;1145223342;;;;;;20141229160001
36247870;0;1145223342;0;0;0125;100;20141229160001;20141229160001
15044710;1;1143396522;;;;;;20141229160000
36231760;0;1143529475;0;0;0125;146;20141229160000;20141229160000
35680185;0;1143396522;0;0;0125;146;20141229160000;20141229160000
36375848;0;1127581152;0;0;0125;146;20141229160000;20141229160000
36155577;0;1127863927;0;0;0125;146;20141229160000;20141229160000
36387027;0;1141252728;0;0;0125;146;20141229160000;20141229160000
36473779;0;1141487867;0;0;0115;011;20141229160000;20141229160000
36371939;0;1143374408;0;0;0125;146;20141229160000;20141229160000
36348667;0;1124867465;0;0;0125;100;20141229160000;20141229160000
36370789;0;1136954043;0;0;0125;100;20141229160000;20141229160000
36297804;0;1123551801;0;0;0125;146;20141229160000;20141229160000
17104599;1;1143477183;;;;;;20141229160000
36414420;0;1143477183;0;0;0125;146;20141229160000;20141229160000
36473613;0;1136570174;0;0;0121;212;20141229160000;20141229160000
36162828;0;1134586541;0;0;0125;146;20141229160000;20141229160000
36381896;0;1122360744;0;0;0125;100;20141229160000;20141229160000
34986794;1;1143375342;;;;;;20141229160000
36417710;0;1124824632;0;0;0125;100;20141229160000;20141229160000
36374870;0;1143375342;0;0;0125;146;20141229160000;20141229160000
36380135;0;1143455733;0;0;0125;146;20141229160000;20141229160000
36226438;0;1139696083;0;0;0125;146;20141229160000;20141229160000
31296294;1;1141981115;;;;;;20141229160000
34187468;1;1122792889;;;;;;20141229160000
36476520;0;1141981115;0;0;0121;212;20141229160000;20141229160000
36366638;0;1122792889;0;0;0125;100;20141229160000;20141229160000
26774308;1;1145268106;;;;;;20141229160001
36357789;0;1138423406;0;0;0125;100;20141229160000;20141229160000
36383001;0;1145268106;0;0;0125;100;20141229160001;20141229160001
36418815;0;1135646474;0;0;0125;100;20141229160000;20141229160000
36370399;0;1139697859;0;0;0125;146;20141229160000;20141229160000
36358239;0;1134468730;0;0;0125;100;20141229160000;20141229160000
32295268;1;1144576160;;;;;;20141229160000
36370807;0;1144576160;0;0;0125;146;20141229160000;20141229160000
36408035;0;1123254943;0;0;0125;146;20141229160000;20141229160000
18310066;1;1143516544;;;;;;20141229160000
35950207;0;1143516544;0;0;0125;146;20141229160000;20141229160000
36327073;0;1123248293;0;0;0125;146;20141229160000;20141229160000
36407881;0;1143611019;0;0;0125;146;20141229160000;20141229160000
36475499;0;1142087089;0;0;0115;011;20141229160000;20141229160000
35970128;0;1129357673;0;0;0125;100;20141229160000;20141229160000
36475230;0;1142071169;0;0;0115;011;20141229160000;20141229160000
36418452;0;1139699849;0;0;0125;146;20141229160000;20141229160000
36380513;0;1123818192;0;0;0125;146;20141229160000;20141229160000
22975625;1;1122793304;;;;;;20141229160000
36224828;0;1122793304;0;0;0125;100;20141229160000;20141229160000
36356169;0;1146064276;0;0;0125;100;20141229160001;20141229160001
5407702;1;1143619560;;;;;;20141229160000
36391891;0;1124386180;0;0;0125;100;20141229160000;20141229160000
36368047;0;1143619560;0;0;0125;146;20141229160000;20141229160000
36364184;0;1120890436;0;0;0125;100;20141229160000;20141229160000
36413994;0;1120875767;0;0;0125;100;20141229160000;20141229160000
36410833;0;1124993156;0;0;0125;100;20141229160000;20141229160000
36420343;0;1123120676;0;0;0125;146;20141229160000;20141229160000
36162011;0;1144255193;0;0;0125;146;20141229160000;20141229160000
27265209;1;1141094170;;;;;;20141229160000
36394204;0;1141094170;0;0;0125;146;20141229160000;20141229160000
36476327;0;1134244605;0;0;0121;212;20141229160000;20141229160000
36409891;0;1134252601;0;0;0125;146;20141229160000;20141229160000
35971537;0;1145411925;0;0;0125;146;20141229160001;20141229160001
36323253;0;1123816162;0;0;0125;146;20141229160000;20141229160000
20172968;1;1124523842;;;;;;20141229160000
36390367;0;1124523842;0;0;0125;100;20141229160000;20141229160000
36361839;0;1141211559;0;0;0125;146;20141229160000;20141229160000
36304338;0;1141271855;0;0;0125;146;20141229160000;20141229160000
36411685;0;1143078549;0;0;0125;100;20141229160000;20141229160000
31244829;1;1141093814;;;;;;20141229160000
36417173;0;1141093814;0;0;0125;146;20141229160000;20141229160000
4895808;1;1143453124;;;;;;20141229160000
36239785;0;1143453124;0;0;0125;146;20141229160000;20141229160000
36402001;0;1143190126;0;0;0125;146;20141229160000;20141229160000
36243571;0;1123246691;0;0;0125;146;20141229160000;20141229160000
36419580;0;1125988694;0;0;0125;146;20141229160000;20141229160000
36390381;0;1123253023;0;0;0125;146;20141229160000;20141229160000
36372782;0;1139726704;0;0;0181;638;20141229160000;20141229160000
36473565;0;1141379031;0;0;0115;011;20141229160000;20141229160000
35987449;0;1145767865;0;0;0125;146;20141229160001;20141229160001
36407993;0;1128974811;0;0;0125;146;20141229160000;20141229160000
36373366;0;1128612835;0;0;0125;146;20141229160000;20141229160000
36193336;0;1124344935;0;0;0125;100;20141229160000;20141229160000
27289318;1;1144384066;;;;;;20141229160000
35985411;0;1144384066;0;0;0125;146;20141229160000;20141229160000
36327845;0;1149758428;0;0;0125;146;20141229160001;20141229160001
25441703;1;1137779110;;;;;;20141229160000
35779566;0;1137779110;0;0;0125;100;20141229160000;20141229160000
3190696;1;1149750809;;;;;;20141229160001
36285129;0;1149750809;0;0;0125;146;20141229160001;20141229160001
28950503;1;1124516598;;;;;;20141229160000
36412103;0;1124516598;0;0;0125;100;20141229160000;20141229160000
29783552;1;1144519038;;;;;;20141229160000
36163009;0;1144519038;0;0;0125;146;20141229160000;20141229160000
36418441;0;1134584681;0;0;0125;146;20141229160000;20141229160000
36120763;0;1146065109;0;0;0125;100;20141229160001;20141229160001
36401606;0;1143786147;0;0;0125;100;20141229160000;20141229160000
36472277;0;1141990628;0;0;0115;011;20141229160000;20141229160000
28660569;1;1148164308;;;;;;20141229160001
36370332;0;1148164308;0;0;0125;100;20141229160001;20141229160001
36413944;0;1120872406;0;0;0125;100;20141229160000;20141229160000
36418276;0;1124565161;0;0;0125;100;20141229160000;20141229160000
36367460;0;1136034555;0;0;0125;100;20141229160000;20141229160000
36397999;0;1124824195;0;0;0125;100;20141229160000;20141229160000
36408050;0;1143781364;0;0;0125;100;20141229160000;20141229160000
36138101;0;1135545836;0;0;0125;100;20141229160000;20141229160000
36343056;0;1122967745;0;0;0125;100;20141229160000;20141229160000
36418764;0;1144574702;0;0;0125;146;20141229160000;20141229160000
11889898;1;1136540298;;;;;;20141229160000
36418692;0;1136540298;0;0;0125;100;20141229160000;20141229160000
36404862;0;1124034419;0;0;0125;100;20141229160000;20141229160000
36409623;0;11941815070;0;0;0321;014;20141229160002;20141229160002
15288917;1;1150317277;;;;;;20141229160001
36406431;0;1150317277;0;0;0125;100;20141229160001;20141229160001
36416259;0;11954242696;0;0;0321;014;20141229160002;20141229160002
36473607;0;1147030318;0;0;0115;011;20141229160001;20141229160001
29929182;1;1141842649;;;;;;20141229160000
36385507;0;1141842649;0;0;0125;100;20141229160000;20141229160000
36364221;0;1129596446;0;0;0125;100;20141229160000;20141229160000
36283420;0;1141250535;0;0;0125;146;20141229160000;20141229160000
36403365;0;1149718055;0;0;0125;146;20141229160001;20141229160001
17860282;1;1149713712;;;;;;20141229160001
36209209;0;1149713712;0;0;0125;146;20141229160001;20141229160001
36474599;0;1156148945;0;0;0115;011;20141229160001;20141229160001
36253269;0;1150445978;0;0;0125;100;20141229160001;20141229160001
36418438;0;1141095311;0;0;0125;146;20141229160000;20141229160000
36380021;0;1123259660;0;0;0125;146;20141229160000;20141229160000
36418797;0;11965091069;0;0;0321;014;20141229160002;20141229160002
36226230;0;1146079466;0;0;0125;100;20141229160001;20141229160001
36417106;0;1124926011;0;0;0125;100;20141229160000;20141229160000
36376256;0;1147463900;0;0;0125;146;20141229160001;20141229160001
36046568;0;1143769468;0;0;0125;100;20141229160000;20141229160000
36234062;0;1136922345;0;0;0125;100;20141229160000;20141229160000
36379656;0;1149714984;0;0;0125;146;20141229160001;20141229160001
36298296;0;1147421064;0;0;0125;146;20141229160001;20141229160001
36373744;0;1147487050;0;0;0125;146;20141229160001;20141229160001
36367335;0;1150314047;0;0;0125;100;20141229160001;20141229160001
36310038;0;1147967563;0;0;0125;146;20141229160001;20141229160001
21285225;1;1149745678;;;;;;20141229160001
36310676;0;1149745678;0;0;0125;146;20141229160001;20141229160001
36382854;0;1147447443;0;0;0125;146;20141229160001;20141229160001
13005569;1;1149782358;;;;;;20141229160001
36389338;0;1149782358;0;0;0125;146;20141229160001;20141229160001
36391800;0;1120918282;0;0;0125;100;20141229160000;20141229160000
19608056;1;1122960424;;;;;;20141229160000
36412686;0;1122960424;0;0;0125;100;20141229160000;20141229160000
36472120;0;1146678189;0;0;0115;011;20141229160001;20141229160001
36404468;0;11941737071;0;0;0321;014;20141229160001;20141229160001
16659612;1;1149758670;;;;;;20141229160001
36414214;0;1149758670;0;0;0125;146;20141229160001;20141229160001
27017567;1;1149905830;;;;;;20141229160001
36244424;0;1149905830;0;0;0125;146;20141229160001;20141229160001
25499215;1;1156412160;;;;;;20141229160001
36347665;0;1156412160;0;0;0125;100;20141229160001;20141229160001
36134567;0;1145958672;0;0;0125;100;20141229160001;20141229160001
36381566;0;1146515520;0;0;0125;100;20141229160001;20141229160001
36413501;0;1143769665;0;0;0125;100;20141229160000;20141229160000
36390454;0;1126289140;0;0;0125;100;20141229160000;20141229160000
36474148;0;1125146637;0;0;0115;011;20141229160000;20141229160000
36310282;0;1135935426;0;0;0125;146;20141229160000;20141229160000
36473829;0;1134553530;0;0;0121;212;20141229160000;20141229160000
36411867;0;1128947646;0;0;0125;100;20141229160000;20141229160000
36253984;0;1125646383;0;0;0125;146;20141229160000;20141229160000
35104502;0;1123791486;0;0;0125;146;20141229160000;20141229160000
36372756;0;1155239926;0;0;0125;100;20141229160001;20141229160001
31734996;1;1156714181;;;;;;20141229160001
36335875;0;1156714181;0;0;0125;100;20141229160001;20141229160001
36417335;0;11941935232;0;0;0321;014;20141229160002;20141229160002
30162328;1;11980749326;;;;;;20141229160003
36418427;0;11980749326;0;0;0321;014;20141229160003;20141229160003
36211527;0;1151824940;0;0;0125;100;20141229160001;20141229160001
36310886;0;1145964267;0;0;0125;100;20141229160001;20141229160001
36408496;0;1155647454;0;0;0125;100;20141229160001;20141229160001
36409912;0;11973636871;0;0;0321;014;20141229160002;20141229160002
36417086;0;11941822907;0;0;0321;014;20141229160002;20141229160002
36417249;0;11942271219;0;0;0321;014;20141229160002;20141229160002
33563894;1;11969159696;;;;;;20141229160004
36416462;0;11974424041;0;0;0321;014;20141229160002;20141229160002
19772885;1;11968888972;;;;;;20141229160002
36413822;0;11968888972;0;0;0321;014;20141229160002;20141229160002
36359908;0;11947257701;0;0;0321;014;20141229160002;20141229160002
36385838;0;11971989468;0;0;0321;014;20141229160002;20141229160002
36345284;0;11943665544;0;0;0321;014;20141229160002;20141229160002
36361827;0;11973660643;0;0;0321;014;20141229160002;20141229160002
36406309;0;11974188039;0;0;0321;014;20141229160002;20141229160002
36415171;0;11973977356;0;0;0321;014;20141229160002;20141229160002
36405288;0;11954630783;0;0;0321;014;20141229160002;20141229160002
36419011;0;11959938009;0;0;0321;014;20141229160002;20141229160002
36408538;0;11952315173;0;0;0321;014;20141229160002;20141229160002
36420456;0;11950254951;0;0;0321;014;20141229160002;20141229160002
36419285;0;11949460981;0;0;0321;014;20141229160002;20141229160002
36415010;0;11948776287;0;0;0321;014;20141229160002;20141229160002
36404004;0;1146530158;0;0;0125;100;20141229160001;20141229160001
36409108;0;11951341409;0;0;0321;014;20141229160002;20141229160002
36474472;0;1146387014;0;0;0115;013;20141229160001;20141229160001
36410785;0;1146537029;0;0;0125;100;20141229160001;20141229160001
36373200;0;1145952168;0;0;0125;100;20141229160001;20141229160001
36419951;0;11953710498;0;0;0321;014;20141229160002;20141229160002
36396621;0;1146514856;0;0;0125;100;20141229160001;20141229160001
36186614;0;11981017718;0;0;0321;014;20141229160003;20141229160003
27053320;1;11981049830;;;;;;20141229160003
36417857;0;11981049830;0;0;0321;014;20141229160003;20141229160003
30129408;1;11980749327;;;;;;20141229160003
36418199;0;11980749327;0;0;0321;014;20141229160003;20141229160003
35863155;0;1145870259;0;0;0125;100;20141229160001;20141229160001
36404462;0;1145950710;0;0;0125;100;20141229160001;20141229160001
36387631;0;1146063293;0;0;0125;100;20141229160001;20141229160001
24474196;1;1145874745;;;;;;20141229160001
36385846;0;1145874745;0;0;0125;100;20141229160001;20141229160001
26689321;1;11971118684;;;;;;20141229160002
36418855;0;11971118684;0;0;0321;014;20141229160002;20141229160002
36409970;0;11981328701;0;0;0321;014;20141229160003;20141229160003
36415807;0;11954817609;0;0;0321;014;20141229160002;20141229160002
36379235;0;1145965532;0;0;0125;100;20141229160001;20141229160001
35938007;0;1145960847;0;0;0125;100;20141229160001;20141229160001
7811713;1;1145864158;;;;;;20141229160001
36403312;0;1145864158;0;0;0125;100;20141229160001;20141229160001
36381313;0;1145952006;0;0;0125;100;20141229160001;20141229160001
36404637;0;11961634014;0;0;0321;014;20141229160002;20141229160002
30240179;1;11979703993;;;;;;20141229160005
36415053;0;12988140078;0;0;0321;017;20141229160004;20141229160004
36415710;0;11974614616;0;0;0321;014;20141229160002;20141229160002
35453194;1;11968245367;;;;;;20141229160002
36417769;0;11968245367;0;0;0321;014;20141229160002;20141229160002
36415463;0;11970267543;0;0;0321;014;20141229160002;20141229160002
33022345;1;11988126413;;;;;;20141229160005
21192375;1;11992880965;;;;;;20141229160005
36408052;0;11985963248;0;0;0321;014;20141229160003;20141229160003
36419801;0;11970512148;0;0;0321;014;20141229160002;20141229160002
36408427;0;11959130621;0;0;0321;014;20141229160002;20141229160002
36419231;0;11964650292;0;0;0321;014;20141229160002;20141229160002
36416747;0;11971314215;0;0;0321;014;20141229160002;20141229160002
36415712;0;11971754228;0;0;0321;014;20141229160002;20141229160002
36409169;0;11964401837;0;0;0321;014;20141229160002;20141229160002
36419745;0;11987579162;0;0;0321;014;20141229160003;20141229160003
27248392;1;11964684255;;;;;;20141229160002
36414598;0;11964684255;0;0;0321;014;20141229160002;20141229160002
36410521;0;11973383741;0;0;0321;014;20141229160002;20141229160002
36418421;0;11987412370;0;0;0321;014;20141229160003;20141229160003
36410422;0;11974291291;0;0;0321;014;20141229160002;20141229160002
36407634;0;11973505089;0;0;0321;014;20141229160002;20141229160002
35835217;1;11970379166;;;;;;20141229160002
36408148;0;11970379166;0;0;0321;014;20141229160002;20141229160002
36408474;0;11967333751;0;0;0321;014;20141229160002;20141229160002
36407875;0;11975704409;0;0;0321;014;20141229160002;20141229160002
36418048;0;11981066960;0;0;0321;014;20141229160003;20141229160003
36416280;0;11981750189;0;0;0321;014;20141229160003;20141229160003
36408007;0;11975664358;0;0;0321;014;20141229160002;20141229160002
36410502;0;11984990434;0;0;0321;014;20141229160003;20141229160003
36418739;0;11984529336;0;0;0321;014;20141229160003;20141229160003
36360903;0;11983048832;0;0;0321;014;20141229160003;20141229160003
36412524;0;11981100196;0;0;0321;014;20141229160003;20141229160003
36370556;0;11982029919;0;0;0321;014;20141229160003;20141229160003
36405557;0;11981945051;0;0;0321;014;20141229160003;20141229160003
22381180;1;11984287400;;;;;;20141229160003
36418740;0;11984287400;0;0;0321;014;20141229160003;20141229160003
36414968;0;11968387111;0;0;0321;014;20141229160002;20141229160002
20743911;1;11983356644;;;;;;20141229160003
36360187;0;11983356644;0;0;0321;014;20141229160003;20141229160003
36406471;0;11984229906;0;0;0321;014;20141229160003;20141229160003
4508838;1;1432230491;;;;;;20141229160004
36359655;0;1432230491;0;0;0125;100;20141229160004;20141229160004
36418850;0;11984525936;0;0;0321;014;20141229160003;20141229160003
5606165;1;11985394395;;;;;;20141229160003
36346258;0;11985394395;0;0;0321;014;20141229160003;20141229160003
36403664;0;11985267603;0;0;0321;014;20141229160003;20141229160003
4785339;1;11985399125;;;;;;20141229160003
36404638;0;11985399125;0;0;0321;014;20141229160003;20141229160003
36404245;0;1432226584;0;0;0125;100;20141229160004;20141229160004
36375673;0;1433136463;0;0;0125;100;20141229160004;20141229160004
36412928;0;11981377691;0;0;0321;014;20141229160003;20141229160003
36406140;0;11987356444;0;0;0321;014;20141229160003;20141229160003
36418289;0;11986485190;0;0;0321;014;20141229160003;20141229160003
36407981;0;11985963253;0;0;0321;014;20141229160003;20141229160003
36374741;0;1334631151;0;0;0125;100;20141229160004;20141229160004
36408721;0;11985760641;0;0;0321;014;20141229160003;20141229160003
36418960;0;11985810117;0;0;0321;014;20141229160003;20141229160003
6369020;1;11986324472;;;;;;20141229160003
36415098;0;11986324472;0;0;0321;014;20141229160003;20141229160003
36418809;0;11998634262;0;0;0321;014;20141229160004;20141229160004
36419961;0;11981568118;0;0;0321;014;20141229160003;20141229160003
36367225;0;11996163442;0;0;0321;014;20141229160003;20141229160003
36418208;0;11982997681;0;0;0321;014;20141229160003;20141229160003
36235173;0;11982675000;0;0;0321;014;20141229160003;20141229160003
36419197;0;11983353082;0;0;0321;014;20141229160003;20141229160003
36418848;0;11983150862;0;0;0321;014;20141229160003;20141229160003
36420214;0;11996844324;0;0;0321;014;20141229160004;20141229160004
36414862;0;11998399591;0;0;0321;014;20141229160004;20141229160004
36146754;0;1432278997;0;0;0125;100;20141229160004;20141229160004
35971301;0;1432230934;0;0;0125;100;20141229160004;20141229160004
36417045;0;11997968171;0;0;0321;014;20141229160004;20141229160004
36415920;0;11999008916;0;0;0321;014;20141229160004;20141229160004
36357779;0;11998767638;0;0;0321;014;20141229160004;20141229160004
36419431;0;11999491110;0;0;0321;014;20141229160004;20141229160004
36364219;0;1432232834;0;0;0125;100;20141229160004;20141229160004
36414418;0;11999260901;0;0;0321;014;20141229160004;20141229160004
36376883;0;1432328232;0;0;0125;100;20141229160004;20141229160004
36408225;0;11996784360;0;0;0321;014;20141229160003;20141229160003
36386593;0;1432384555;0;0;0125;100;20141229160004;20141229160004
36416264;0;11995465566;0;0;0321;014;20141229160003;20141229160003
36417095;0;11995402870;0;0;0321;014;20141229160003;20141229160003
36414817;0;12988140079;0;0;0321;017;20141229160004;20141229160004
36361826;0;11982047071;0;0;0321;014;20141229160003;20141229160003
15156732;1;1432026148;;;;;;20141229160004
36240880;0;1432026148;0;0;0125;100;20141229160004;20141229160004
36259550;0;13982098988;0;0;0321;017;20141229160004;20141229160004
36346265;0;1432049394;0;0;0125;100;20141229160004;20141229160004
27783775;1;1432344068;;;;;;20141229160004
36385749;0;1432344068;0;0;0125;100;20141229160004;20141229160004
36314686;0;1432458457;0;0;0125;100;20141229160004;20141229160004
36327182;0;1432064427;0;0;0125;100;20141229160004;20141229160004
36410071;0;13997604405;0;0;0321;017;20141229160004;20141229160004
22391343;1;1432327615;;;;;;20141229160004
36373143;0;1432327615;0;0;0125;100;20141229160004;20141229160004
20077791;1;1532265948;;;;;;20141229160005
36380368;0;1532265948;0;0;0125;100;20141229160005;20141229160005
36321457;0;1432044975;0;0;0125;100;20141229160004;20141229160004
36162976;0;1631141949;0;0;0125;100;20141229160005;20141229160005
36336135;0;1432065113;0;0;0125;100;20141229160004;20141229160004
36374261;0;1432042933;0;0;0125;100;20141229160004;20141229160004
36392842;0;1334696366;0;0;0125;100;20141229160004;20141229160004
36357136;0;1432062316;0;0;0125;100;20141229160004;20141229160004
21266100;1;1532263937;;;;;;20141229160005
36404574;0;1532263937;0;0;0125;100;20141229160005;20141229160005
36305444;0;1432067115;0;0;0125;100;20141229160004;20141229160004
36359883;0;1432143550;0;0;0125;100;20141229160004;20141229160004
28150395;1;13991628939;;;;;;20141229160007
22998550;1;1432033337;;;;;;20141229160004
36377793;0;1432033337;0;0;0125;100;20141229160004;20141229160004
36415649;0;1432454427;0;0;0125;100;20141229160004;20141229160004
35651183;0;1631148553;0;0;0125;100;20141229160005;20141229160005
36345850;0;1432451974;0;0;0125;100;20141229160004;20141229160004
36407525;0;1432382960;0;0;0125;100;20141229160004;20141229160004
36359990;0;1432457047;0;0;0125;100;20141229160004;20141229160004
36420284;0;1632140909;0;0;0125;100;20141229160005;20141229160005
36185531;0;1632142490;0;0;0125;100;20141229160005;20141229160005
58169;1;1432276491;;;;;;20141229160004
36375513;0;1432276491;0;0;0125;100;20141229160004;20141229160004
36388262;0;1532171364;0;0;0125;100;20141229160005;20141229160005
36287587;0;12997374773;0;0;0321;017;20141229160004;20141229160004
36295630;0;1333013173;0;0;0125;100;20141229160004;20141229160004
36370275;0;1332255296;0;0;0125;100;20141229160004;20141229160004
36331110;0;1432435739;0;0;0125;100;20141229160004;20141229160004
36370228;0;1332236442;0;0;0125;100;20141229160004;20141229160004
24802307;1;1432241845;;;;;;20141229160004
36322395;0;1432241845;0;0;0125;100;20141229160004;20141229160004
9161214;1;1432183226;;;;;;20141229160004
36387876;0;1432183226;0;0;0125;100;20141229160004;20141229160004
36349552;0;1333239837;0;0;0125;100;20141229160004;20141229160004
36408288;0;1333242473;0;0;0125;100;20141229160004;20141229160004
36413786;0;1432384224;0;0;0125;100;20141229160004;20141229160004
36375337;0;1434521037;0;0;0102;922;20141229160004;20141229160004
36105368;0;1438791935;0;0;0125;100;20141229160005;20141229160005
36391827;0;1534115251;0;0;0125;100;20141229160005;20141229160005
15533152;1;1532232823;;;;;;20141229160005
36416393;0;1532232823;0;0;0125;100;20141229160005;20141229160005
36320239;0;1632340319;0;0;0125;100;20141229160005;20141229160005
36405892;0;1532235095;0;0;0125;100;20141229160005;20141229160005
36249639;0;14988259980;0;0;0321;017;20141229160005;20141229160005
36327843;0;1632895774;0;0;0125;100;20141229160005;20141229160005
36146448;0;1532133471;0;0;0125;100;20141229160005;20141229160005
16883717;1;1438796008;;;;;;20141229160005
35971300;0;1438796008;0;0;0125;100;20141229160005;20141229160005
36252690;0;15997664888;0;0;0321;017;20141229160005;20141229160005
36417646;0;15997106461;0;0;0321;017;20141229160005;20141229160005
36410685;0;15981413578;0;0;0321;017;20141229160005;20141229160005
36309444;0;1631140481;0;0;0125;100;20141229160005;20141229160005
36278703;0;1631140501;0;0;0125;100;20141229160005;20141229160005
36368289;0;1533262418;0;0;0125;100;20141229160005;20141229160005
35520431;0;1632895999;0;0;0125;100;20141229160005;20141229160005
36418237;0;1633290922;0;0;0125;100;20141229160006;20141229160006
36272350;0;1633313122;0;0;0125;100;20141229160006;20141229160006
36262572;0;1532433222;0;0;0125;100;20141229160005;20141229160005
8455542;1;1532022398;;;;;;20141229160005
36250317;0;1532022398;0;0;0125;100;20141229160005;20141229160005
36343889;0;1632375981;0;0;0125;100;20141229160005;20141229160005
36356686;0;14981219196;0;0;0321;017;20141229160005;20141229160005
36335914;0;1533887969;0;0;0125;100;20141229160005;20141229160005
36390776;0;1534114853;0;0;0125;100;20141229160005;20141229160005
36280993;0;1533461756;0;0;0125;100;20141229160005;20141229160005
2598165;1;1532025476;;;;;;20141229160005
36377324;0;1532025476;0;0;0125;100;20141229160005;20141229160005
36245556;0;1633242158;0;0;0125;100;20141229160006;20141229160006
36339612;0;1633292162;0;0;0125;100;20141229160006;20141229160006
36044042;0;1633248541;0;0;0125;100;20141229160006;20141229160006
36162467;0;1633245992;0;0;0125;100;20141229160006;20141229160006
36374366;0;1633116704;0;0;0125;100;20141229160005;20141229160005
36131231;0;1633243252;0;0;0125;100;20141229160006;20141229160006
36370615;0;1632891430;0;0;0125;100;20141229160005;20141229160005
36418408;0;1633247226;0;0;0125;100;20141229160006;20141229160006
36126437;0;1533264751;0;0;0125;100;20141229160005;20141229160005
35409071;0;1533467043;0;0;0125;100;20141229160005;20141229160005
7792354;1;1532123331;;;;;;20141229160005
36385927;0;1532123331;0;0;0125;100;20141229160005;20141229160005
36293282;0;1633247262;0;0;0125;100;20141229160006;20141229160006
2271772;1;1633222496;;;;;;20141229160006
35858365;0;1633222496;0;0;0125;100;20141229160006;20141229160006
21699823;1;1633118432;;;;;;20141229160006
35783081;0;1633118432;0;0;0125;100;20141229160006;20141229160006
36107435;0;1633223416;0;0;0125;100;20141229160006;20141229160006
20940284;1;1633224346;;;;;;20141229160006
35701006;0;1633224346;0;0;0125;100;20141229160006;20141229160006
36418962;0;1534112882;0;0;0125;100;20141229160005;20141229160005
17589763;1;1633247099;;;;;;20141229160006
35621054;0;1633247099;0;0;0125;100;20141229160006;20141229160006
36409611;0;1533576499;0;0;0125;100;20141229160005;20141229160005
36419717;0;1632143370;0;0;0125;100;20141229160005;20141229160005
36283582;0;1632355089;0;0;0125;100;20141229160005;20141229160005
36373851;0;1632368966;0;0;0125;100;20141229160005;20141229160005
35934067;0;1633246862;0;0;0125;100;20141229160006;20141229160006
35974584;0;1632349365;0;0;0125;100;20141229160005;20141229160005
36282546;0;1533297248;0;0;0125;100;20141229160005;20141229160005
36022410;0;1632147081;0;0;0125;100;20141229160005;20141229160005
36284856;0;1633355649;0;0;0125;100;20141229160007;20141229160007
36266258;0;1632352019;0;0;0125;100;20141229160005;20141229160005
36391234;0;1533464822;0;0;0125;100;20141229160005;20141229160005
36409917;0;1632145733;0;0;0125;100;20141229160005;20141229160005
36413041;0;1632143647;0;0;0125;100;20141229160005;20141229160005
36407732;0;1632143025;0;0;0125;100;20141229160005;20141229160005
36381844;0;1533464927;0;0;0125;100;20141229160005;20141229160005
36405468;0;1633228823;0;0;0125;100;20141229160006;20141229160006
36346115;0;1633324548;0;0;0125;100;20141229160007;20141229160007
36359605;0;1633243053;0;0;0125;100;20141229160006;20141229160006
36412179;0;1633315846;0;0;0125;100;20141229160006;20141229160006
15517162;1;1633331203;;;;;;20141229160007
35992973;0;1633331203;0;0;0125;100;20141229160007;20141229160007
36373236;0;1633224839;0;0;0125;100;20141229160006;20141229160006
14314111;1;1633224880;;;;;;20141229160006
36271990;0;1633224880;0;0;0125;100;20141229160006;20141229160006
36163340;0;1633226310;0;0;0125;100;20141229160006;20141229160006
36177973;0;1633318108;0;0;0125;100;20141229160006;20141229160006
36191200;0;1633316543;0;0;0125;100;20141229160006;20141229160006
27145862;1;1633226010;;;;;;20141229160006
36296703;0;1633226010;0;0;0125;100;20141229160006;20141229160006
10630301;1;1633316383;;;;;;20141229160006
36203412;0;1633316383;0;0;0125;100;20141229160006;20141229160006
17704218;1;1633227630;;;;;;20141229160006
36251199;0;1633227630;0;0;0125;100;20141229160006;20141229160006
9027121;1;1532274959;;;;;;20141229160005
36391436;0;1532274959;0;0;0125;100;20141229160005;20141229160005
23843323;1;1532277485;;;;;;20141229160005
36231545;0;1532277485;0;0;0125;100;20141229160005;20141229160005
36387945;0;1532476690;0;0;0125;100;20141229160005;20141229160005
7805707;1;1532339545;;;;;;20141229160005
36381488;0;1532339545;0;0;0125;100;20141229160005;20141229160005
36367883;0;1533292305;0;0;0125;100;20141229160005;20141229160005
36010134;0;1633358126;0;0;0125;100;20141229160007;20141229160007
36367666;0;1633229758;0;0;0125;100;20141229160006;20141229160006
36307914;0;1633373019;0;0;0125;100;20141229160007;20141229160007
36417357;0;1533290702;0;0;0125;100;20141229160005;20141229160005
1588162;1;1633365458;;;;;;20141229160007
36339717;0;1633365458;0;0;0125;100;20141229160007;20141229160007
36249835;0;1533275901;0;0;0125;100;20141229160005;20141229160005
14197120;1;1633367376;;;;;;20141229160007
36242315;0;1633367376;0;0;0125;100;20141229160007;20141229160007
36255234;0;1533263825;0;0;0125;100;20141229160005;20141229160005
7689287;1;1633368133;;;;;;20141229160007
36358144;0;1633368133;0;0;0125;100;20141229160007;20141229160007
36288289;0;1633241031;0;0;0125;100;20141229160006;20141229160006
17527329;1;1633242101;;;;;;20141229160006
36205591;0;1633333439;0;0;0125;100;20141229160007;20141229160007
35624235;0;1633242101;0;0;0125;100;20141229160006;20141229160006
36135057;0;1633245670;0;0;0125;100;20141229160006;20141229160006
36381796;0;1633363160;0;0;0125;100;20141229160007;20141229160007
18366319;1;1633368649;;;;;;20141229160007
36239905;0;1633368649;0;0;0125;100;20141229160007;20141229160007
36205747;0;1633351430;0;0;0125;100;20141229160007;20141229160007
36387538;0;1633334198;0;0;0125;100;20141229160007;20141229160007
36299103;0;1633369403;0;0;0125;100;20141229160007;20141229160007
36374046;0;1633369476;0;0;0125;100;20141229160007;20141229160007
36414675;0;1633374087;0;0;0125;100;20141229160007;20141229160007
36372266;0;1633392061;0;0;0125;100;20141229160008;20141229160008
16182096;1;1633336809;;;;;;20141229160007
35737172;0;1633336809;0;0;0125;100;20141229160007;20141229160007
35997266;0;1633336094;0;0;0125;100;20141229160007;20141229160007
18786567;1;1633337193;;;;;;20141229160007
36311511;0;1633337193;0;0;0125;100;20141229160007;20141229160007
36135565;0;1633242715;0;0;0125;100;20141229160006;20141229160006
16823466;1;1633323535;;;;;;20141229160007
36382081;0;1633323535;0;0;0125;100;20141229160007;20141229160007
36283999;0;1633322165;0;0;0125;100;20141229160007;20141229160007
35919422;0;1633244710;0;0;0125;100;20141229160006;20141229160006
36312362;0;1633318760;0;0;0125;100;20141229160007;20141229160007
2852848;1;1633377030;;;;;;20141229160007
36419405;0;1633377030;0;0;0125;100;20141229160007;20141229160007
36206848;0;1633317423;0;0;0125;100;20141229160006;20141229160006
36312657;0;1633243338;0;0;0125;100;20141229160006;20141229160006
36241802;0;1633242793;0;0;0125;100;20141229160006;20141229160006
36411490;0;1633317653;0;0;0125;100;20141229160006;20141229160006
35934687;0;1633243398;0;0;0125;100;20141229160006;20141229160006
36388225;0;1633333464;0;0;0125;100;20141229160007;20141229160007
36410403;0;1633243186;0;0;0125;100;20141229160006;20141229160006
884648;1;1633244815;;;;;;20141229160006
36165299;0;1633244815;0;0;0125;100;20141229160006;20141229160006
36359878;0;1633574611;0;0;0125;100;20141229160008;20141229160008
36374387;0;1633574116;0;0;0125;100;20141229160008;20141229160008
36146578;0;1633244173;0;0;0125;100;20141229160006;20141229160006
35914559;0;1633572988;0;0;0125;100;20141229160008;20141229160008
36343832;0;1633325427;0;0;0125;100;20141229160007;20141229160007
36296332;0;1633359855;0;0;0125;100;20141229160007;20141229160007
18833552;1;1633362364;;;;;;20141229160007
36234310;0;1633362364;0;0;0125;100;20141229160007;20141229160007
3067995;1;1633354614;;;;;;20141229160007
36160961;0;1633354614;0;0;0125;100;20141229160007;20141229160007
36272620;0;1633391211;0;0;0125;100;20141229160008;20141229160008
28559328;1;1633318186;;;;;;20141229160006
36161285;0;1633318186;0;0;0125;100;20141229160006;20141229160006
12200500;1;1633324122;;;;;;20141229160007
36274791;0;1633324122;0;0;0125;100;20141229160007;20141229160007
34424617;1;1633326731;;;;;;20141229160007
35887722;0;1633326731;0;0;0125;100;20141229160007;20141229160007
21890455;1;1633324150;;;;;;20141229160007
35953743;0;1633324150;0;0;0125;100;20141229160007;20141229160007
36282188;0;1633353016;0;0;0125;100;20141229160007;20141229160007
17982074;1;1633328637;;;;;;20141229160007
35726575;0;1633328637;0;0;0125;100;20141229160007;20141229160007
14685434;1;1633376844;;;;;;20141229160007
36339509;0;1633376844;0;0;0125;100;20141229160007;20141229160007
36375957;0;1633351985;0;0;0125;100;20141229160007;20141229160007
738062;1;1633352085;;;;;;20141229160007
36174601;0;1633352085;0;0;0125;100;20141229160007;20141229160007
270305;1;1633360254;;;;;;20141229160007
36414924;0;1633360254;0;0;0125;100;20141229160007;20141229160007
17492819;1;1633373545;;;;;;20141229160007
35575923;0;1633373545;0;0;0125;100;20141229160007;20141229160007
36404248;0;1633393512;0;0;0125;100;20141229160008;20141229160008
5239196;1;1633364694;;;;;;20141229160007
35550656;0;1633364694;0;0;0125;100;20141229160007;20141229160007
11256397;1;1633359097;;;;;;20141229160007
36165438;0;1633359097;0;0;0125;100;20141229160007;20141229160007
36401238;0;1633373151;0;0;0125;100;20141229160007;20141229160007
36225899;0;1633374949;0;0;0125;100;20141229160007;20141229160007
6550093;1;1633360082;;;;;;20141229160007
36312286;0;1633360082;0;0;0125;100;20141229160007;20141229160007
36381544;0;1633391231;0;0;0125;100;20141229160008;20141229160008
11258003;1;1633395957;;;;;;20141229160008
36333375;0;1633395957;0;0;0125;100;20141229160008;20141229160008
36388962;0;1633573325;0;0;0125;100;20141229160008;20141229160008
35663644;0;1633975374;0;0;0125;100;20141229160008;20141229160008
36373879;0;1633973681;0;0;0125;100;20141229160008;20141229160008
36374320;0;1633974399;0;0;0125;100;20141229160008;20141229160008
36375031;0;1633972162;0;0;0125;100;20141229160008;20141229160008
36203673;0;1633973214;0;0;0125;100;20141229160008;20141229160008
36388702;0;1633976844;0;0;0125;100;20141229160008;20141229160008
36326473;0;1633571866;0;0;0125;100;20141229160008;20141229160008
36408769;0;1633572937;0;0;0125;100;20141229160008;20141229160008
16072128;1;1633392093;;;;;;20141229160008
36272398;0;1633392093;0;0;0125;100;20141229160008;20141229160008
35590059;0;1633974084;0;0;0125;100;20141229160008;20141229160008
35654069;0;1633978566;0;0;0125;100;20141229160008;20141229160008
2353162;1;1633392367;;;;;;20141229160008
35962803;0;1633392367;0;0;0125;100;20141229160008;20141229160008
36271898;0;1633977625;0;0;0125;100;20141229160008;20141229160008
36313952;0;1633976966;0;0;0125;100;20141229160008;20141229160008
15604846;1;1633393843;;;;;;20141229160008
36332836;0;1633393843;0;0;0125;100;20141229160008;20141229160008
36419935;0;1634729117;0;0;0125;100;20141229160008;20141229160008
14453923;1;1633378903;;;;;;20141229160008
36419626;0;1633378903;0;0;0125;100;20141229160008;20141229160008
36030033;0;1636244237;0;0;0125;100;20141229160009;20141229160009
36252761;0;1636334138;0;0;0125;100;20141229160009;20141229160009
14785333;1;1633395055;;;;;;20141229160008
36290638;0;1633395055;0;0;0125;100;20141229160008;20141229160008
35902105;0;1633577740;0;0;0125;100;20141229160008;20141229160008
36167875;0;1633576567;0;0;0125;100;20141229160008;20141229160008
36020996;0;1633974221;0;0;0125;100;20141229160008;20141229160008
36307966;0;1633576799;0;0;0125;100;20141229160008;20141229160008
35645156;0;1633577366;0;0;0125;100;20141229160008;20141229160008
36321193;0;1633576436;0;0;0125;100;20141229160008;20141229160008
36164579;0;1633577655;0;0;0125;100;20141229160008;20141229160008
36374272;0;1633576313;0;0;0125;100;20141229160008;20141229160008
36345939;0;1633575418;0;0;0125;100;20141229160008;20141229160008
36385305;0;1633979842;0;0;0125;100;20141229160008;20141229160008
36419452;0;1633574757;0;0;0125;100;20141229160008;20141229160008
14921981;1;1639661410;;;;;;20141229160009
35941151;0;1639661410;0;0;0125;100;20141229160009;20141229160009
14770538;1;1633377375;;;;;;20141229160008
36312529;0;1633377375;0;0;0125;100;20141229160008;20141229160008
36420195;0;16999692016;0;0;0321;017;20141229160009;20141229160009
36414639;0;1633378213;0;0;0125;100;20141229160008;20141229160008
36372010;0;1636249479;0;0;0125;100;20141229160009;20141229160009
36374734;0;1633377217;0;0;0125;100;20141229160008;20141229160008
36336479;0;1634613097;0;0;0125;100;20141229160008;20141229160008
16661463;1;1633379358;;;;;;20141229160008
36411621;0;1633379358;0;0;0125;100;20141229160008;20141229160008
36169730;0;1633974909;0;0;0125;100;20141229160008;20141229160008
36359713;0;1633376212;0;0;0125;100;20141229160007;20141229160007
35745562;0;1633375356;0;0;0125;100;20141229160007;20141229160007
36393627;0;1636336150;0;0;0125;100;20141229160009;20141229160009
36392951;0;1636335757;0;0;0125;100;20141229160009;20141229160009
12643774;1;1636292277;;;;;;20141229160009
36349588;0;1636292277;0;0;0125;100;20141229160009;20141229160009
35753041;0;1633375859;0;0;0125;100;20141229160007;20141229160007
1417424;1;1633375634;;;;;;20141229160007
36311634;0;1633375634;0;0;0125;100;20141229160007;20141229160007
9710556;1;1636338091;;;;;;20141229160009
36325370;0;1636338091;0;0;0125;100;20141229160009;20141229160009
36386523;0;1636233186;0;0;0125;100;20141229160009;20141229160009
36376793;0;1633923765;0;0;0125;100;20141229160008;20141229160008
36411861;0;1633971951;0;0;0125;100;20141229160008;20141229160008
35996863;0;1633971367;0;0;0125;100;20141229160008;20141229160008
8700632;1;1636244945;;;;;;20141229160009
36398838;0;1636244945;0;0;0125;100;20141229160009;20141229160009
36174662;0;1636210927;0;0;0125;100;20141229160009;20141229160009
240650;1;1636180658;;;;;;20141229160009
36284735;0;1636180658;0;0;0125;100;20141229160009;20141229160009
36312342;0;1636152396;0;0;0125;100;20141229160009;20141229160009
36403658;0;1636152762;0;0;0125;100;20141229160009;20141229160009
36011825;0;1633970934;0;0;0125;100;20141229160008;20141229160008
36408279;0;1633970031;0;0;0125;100;20141229160008;20141229160008
27035673;1;1636222168;;;;;;20141229160009
36414975;0;1636222168;0;0;0125;100;20141229160009;20141229160009
36385636;0;1636206070;0;0;0125;100;20141229160009;20141229160009
35915513;0;1636223593;0;0;0125;100;20141229160009;20141229160009
36371559;0;1636285230;0;0;0125;100;20141229160009;20141229160009
36272526;0;1634729095;0;0;0125;100;20141229160008;20141229160008
36385267;0;1932033745;0;0;0125;100;20141229160010;20141229160010
36415865;0;1933083921;0;0;0125;100;20141229160010;20141229160010
36345943;0;1934228343;0;0;0125;100;20141229160010;20141229160010
36291405;0;1932272649;0;0;0125;100;20141229160010;20141229160010
36365993;0;1933972987;0;0;0125;100;20141229160010;20141229160010
36270823;0;1633379886;0;0;0125;100;20141229160008;20141229160008
29596030;1;1934251621;;;;;;20141229160010
36187303;0;1934251621;0;0;0125;100;20141229160010;20141229160010
36305785;0;1934221427;0;0;0125;100;20141229160010;20141229160010
36413552;0;1932038282;0;0;0125;100;20141229160010;20141229160010
36392816;0;1932232766;0;0;0125;100;20141229160010;20141229160010
36388655;0;1934211429;0;0;0125;100;20141229160010;20141229160010
36201525;0;1934155229;0;0;0125;100;20141229160010;20141229160010
5933442;1;1934118406;;;;;;20141229160010
36418737;0;1934118406;0;0;0125;100;20141229160010;20141229160010
29238627;1;1932257396;;;;;;20141229160010
36397623;0;1932257396;0;0;0125;100;20141229160010;20141229160010
36382935;0;1933754619;0;0;0125;100;20141229160010;20141229160010
36411426;0;1933652377;0;0;0125;100;20141229160010;20141229160010
36413861;0;1934028291;0;0;0125;100;20141229160010;20141229160010
36416454;0;1933297965;0;0;0125;100;20141229160010;20141229160010
36407180;0;1933746557;0;0;0125;100;20141229160010;20141229160010
36388490;0;1933757135;0;0;0125;100;20141229160010;20141229160010
36367709;0;1933750785;0;0;0125;100;20141229160010;20141229160010
36381108;0;1934263731;0;0;0125;100;20141229160010;20141229160010
36407125;0;1934331547;0;0;0125;100;20141229160010;20141229160010
17928806;1;1934269307;;;;;;20141229160010
36373520;0;1934269307;0;0;0125;100;20141229160010;20141229160010
36413482;0;1934348131;0;0;0125;100;20141229160010;20141229160010
36372090;0;1934329538;0;0;0125;100;20141229160010;20141229160010
36403610;0;1934253046;0;0;0125;100;20141229160010;20141229160010
36415136;0;1634631023;0;0;0125;100;20141229160008;20141229160008
940581;1;1938011914;;;;;;20141229160010
36389145;0;1938011914;0;0;0125;100;20141229160010;20141229160010
36241253;0;1634425730;0;0;0125;100;20141229160008;20141229160008
36315481;0;1933886716;0;0;0125;100;20141229160010;20141229160010
15983003;1;1934110327;;;;;;20141229160010
36387237;0;1934110327;0;0;0125;100;20141229160010;20141229160010
36340112;0;1634723294;0;0;0125;100;20141229160008;20141229160008
36322667;0;1636271784;0;0;0125;100;20141229160009;20141229160009
36310899;0;1634410013;0;0;0125;100;20141229160008;20141229160008
36334492;0;1636244823;0;0;0125;100;20141229160009;20141229160009
36404250;0;1938167300;2;0;0112;143;20141229160010;20141229160010
36386531;0;1634726563;0;0;0125;100;20141229160008;20141229160008
36364080;0;1634726766;0;0;0125;100;20141229160008;20141229160008
36272059;0;1634725645;0;0;0125;100;20141229160008;20141229160008
36019422;0;1934263787;0;0;0125;100;20141229160010;20141229160010
10821292;1;1934264813;;;;;;20141229160010
36397461;0;1934264813;0;0;0125;100;20141229160010;20141229160010
36389597;0;1933256501;0;0;0125;100;20141229160010;20141229160010
36102317;0;1933248256;0;0;0125;100;20141229160010;20141229160010
36408763;0;1930418881;0;0;0125;100;20141229160010;20141229160010
20169807;1;1938167538;;;;;;20141229160011
36407830;0;1938167538;0;0;0125;100;20141229160011;20141229160011
36297725;0;2126916998;2;0;0121;221;20141229160011;20141229160011
36366091;0;1939279968;0;0;0125;100;20141229160011;20141229160011
36297720;0;2126911625;2;0;0121;221;20141229160011;20141229160011
36297711;0;2126911082;2;0;0121;221;20141229160011;20141229160011
36414736;0;2124641665;0;0;0162;913;20141229160011;20141229160011
36413096;0;19981982009;0;0;0321;017;20141229160011;20141229160011
36417635;0;19997321033;0;0;0321;017;20141229160011;20141229160011
36297715;0;2126911510;2;0;0121;221;20141229160011;20141229160011
36419282;0;19998891313;0;0;0321;017;20141229160011;20141229160011
36297742;0;2127911694;2;0;0121;221;20141229160011;20141229160011
36408111;0;19988755940;0;0;0321;017;20141229160011;20141229160011
36297752;0;2127915148;2;0;0121;221;20141229160011;20141229160011
36412574;0;19996819879;0;0;0321;017;20141229160011;20141229160011
22131103;1;19991401885;;;;;;20141229160013
36297786;0;2127918956;2;0;0121;221;20141229160011;20141229160011
36297748;0;2127913574;2;0;0121;221;20141229160011;20141229160011
36387031;0;1636392960;0;0;0125;100;20141229160009;20141229160009
36333737;0;1639662564;0;0;0125;100;20141229160009;20141229160009
36297796;0;2127921695;2;0;0121;221;20141229160011;20141229160011
36297776;0;2127917366;2;0;0121;221;20141229160011;20141229160011
36196210;0;1636392741;0;0;0125;100;20141229160009;20141229160009
36297790;0;2127918966;2;0;0121;221;20141229160011;20141229160011
36419455;0;19997394343;0;0;0321;017;20141229160011;20141229160011
36412282;0;19996144640;0;0;0321;017;20141229160011;20141229160011
36390818;0;1938011343;0;0;0125;100;20141229160010;20141229160010
12334654;1;19991809227;;;;;;20141229160013
36402013;0;1933675372;0;0;0125;100;20141229160010;20141229160010
36402392;0;1933293897;0;0;0125;100;20141229160010;20141229160010
36409014;0;2132219466;2;0;0121;221;20141229160011;20141229160011
579301;1;1932296060;;;;;;20141229160010
36382055;0;1932296060;0;0;0125;100;20141229160010;20141229160010
36067481;0;2122017296;0;0;0125;101;20141229160011;20141229160011
36404604;0;1935792249;0;0;0125;100;20141229160010;20141229160010
12622535;1;1932341507;;;;;;20141229160010
36420111;0;1932341507;0;0;0125;100;20141229160010;20141229160010
36237733;0;1932349090;0;0;0125;100;20141229160010;20141229160010
36402525;0;1933077206;0;0;0125;100;20141229160010;20141229160010
36397145;0;1636371479;0;0;0125;100;20141229160009;20141229160009
35864683;0;1636339194;0;0;0125;100;20141229160009;20141229160009
36390247;0;1932031961;0;0;0125;100;20141229160010;20141229160010
25875728;1;1636395416;;;;;;20141229160009
35784242;0;1636395416;0;0;0125;100;20141229160009;20141229160009
36473366;0;2130693553;0;0;0121;221;20141229160011;20141229160011
36237374;0;1932341587;0;0;0125;100;20141229160010;20141229160010
32176138;1;1932727545;;;;;;20141229160010
36205230;0;1932727545;0;0;0125;100;20141229160010;20141229160010
22517778;1;1636392041;;;;;;20141229160009
36307907;0;1636392041;0;0;0125;100;20141229160009;20141229160009
36417679;0;1933025739;0;0;0125;100;20141229160010;20141229160010
26782491;1;1932554498;;;;;;20141229160010
36410828;0;1932554498;0;0;0125;100;20141229160010;20141229160010
36310664;0;1638771123;0;0;0125;100;20141229160009;20141229160009
36408569;0;1932033634;0;0;0125;100;20141229160010;20141229160010
36418733;0;1638781383;0;0;0125;100;20141229160009;20141229160009
36283034;0;1935794583;0;0;0125;100;20141229160010;20141229160010
36297759;0;2127916478;2;0;0121;221;20141229160011;20141229160011
36297766;0;2127916568;2;0;0121;221;20141229160011;20141229160011
36408947;0;2132219454;2;0;0121;221;20141229160011;20141229160011
36390955;0;1934263823;0;0;0125;100;20141229160010;20141229160010
36414017;0;16981281544;0;0;0321;017;20141229160009;20141229160009
35543239;0;1639665437;0;0;0125;100;20141229160009;20141229160009
36413760;0;1639345276;0;0;0125;100;20141229160009;20141229160009
13767106;1;1639682638;;;;;;20141229160009
36051520;0;1639682638;0;0;0125;100;20141229160009;20141229160009
36305880;0;1638775544;0;0;0125;100;20141229160009;20141229160009
35689633;0;1638773738;0;0;0125;100;20141229160009;20141229160009
36408966;0;2132219458;2;0;0121;221;20141229160011;20141229160011
36408448;0;16988305723;0;0;0321;017;20141229160009;20141229160009
35993176;1;16991281029;;;;;;20141229160014
5168639;1;16992361175;;;;;;20141229160014
25947781;1;16992040312;;;;;;20141229160014
36297793;0;2127921166;2;0;0121;221;20141229160011;20141229160011
36476871;0;2131244054;0;0;0121;221;20141229160011;20141229160011
36409066;0;2132219476;2;0;0121;221;20141229160012;20141229160012
36297775;0;2127916720;2;0;0121;221;20141229160011;20141229160011
36409078;0;2132219478;2;0;0121;221;20141229160012;20141229160012
25947404;1;16992044905;;;;;;20141229160014
4732155;1;16997514008;;;;;;20141229160009
36410562;0;16997514008;0;0;0321;017;20141229160009;20141229160009
36344959;0;1639170214;0;0;0125;100;20141229160009;20141229160009
25947595;1;16992043620;;;;;;20141229160014
36390909;0;1921177739;0;0;0125;100;20141229160010;20141229160010
36408924;0;2132219450;2;0;0121;221;20141229160011;20141229160011
5142243;1;16997949832;;;;;;20141229160009
36418711;0;16997949832;0;0;0321;017;20141229160009;20141229160009
36413486;0;16999861444;0;0;0321;017;20141229160010;20141229160010
33519130;1;1925320069;;;;;;20141229160014
36418063;0;18997270883;0;0;0321;017;20141229160010;20141229160010
36408990;0;2132219462;2;0;0121;221;20141229160011;20141229160011
36408986;0;2132219461;2;0;0121;221;20141229160011;20141229160011
36408980;0;2132219460;2;0;0121;221;20141229160011;20141229160011
36408975;0;2132219459;2;0;0121;221;20141229160011;20141229160011
36409104;0;2132219479;2;0;0121;221;20141229160012;20141229160012
36409009;0;2132219465;2;0;0121;221;20141229160011;20141229160011
36408958;0;2132219456;2;0;0121;221;20141229160011;20141229160011
36408936;0;2132219452;2;0;0121;221;20141229160011;20141229160011
36410691;0;21982446234;0;0;0321;018;20141229160012;20141229160012
36408930;0;2132219451;2;0;0121;221;20141229160011;20141229160011
24870096;1;21981992355;;;;;;20141229160012
36102661;0;21981992355;0;0;0321;018;20141229160012;20141229160012
15760505;1;21986174607;;;;;;20141229160013
36410874;0;21986174607;0;0;0321;018;20141229160013;20141229160013
36409133;0;2132219485;2;0;0121;221;20141229160012;20141229160012
36409145;0;2132219487;2;0;0121;221;20141229160012;20141229160012
36409072;0;2132219477;2;0;0121;221;20141229160012;20141229160012
36409022;0;2132219467;2;0;0121;221;20141229160011;20141229160011
36408995;0;2132219463;2;0;0121;221;20141229160011;20141229160011
36409002;0;2132219464;2;0;0121;221;20141229160011;20141229160011
36409052;0;2132219473;2;0;0121;221;20141229160012;20141229160012
36409037;0;2132219471;2;0;0121;221;20141229160012;20141229160012
36408951;0;2132219455;2;0;0121;221;20141229160011;20141229160011
36408940;0;2132219453;2;0;0121;221;20141229160011;20141229160011
36418638;0;21981742373;0;0;0321;018;20141229160012;20141229160012
36409063;0;2132219475;2;0;0121;221;20141229160012;20141229160012
36409055;0;2132219474;2;0;0121;221;20141229160012;20141229160012
36197687;0;21981688666;0;0;0321;018;20141229160012;20141229160012
36409031;0;2132219469;2;0;0121;221;20141229160012;20141229160012
36211972;0;3337533205;2;0;0121;232;20141229160013;20141229160013
36409033;0;2132219470;2;0;0121;221;20141229160012;20141229160012
36408963;0;2132219457;2;0;0121;221;20141229160011;20141229160011
36409042;0;2132219472;2;0;0121;221;20141229160012;20141229160012
36409028;0;2132219468;2;0;0121;221;20141229160012;20141229160012
6759835;1;21994842417;;;;;;20141229160013
36213569;0;21994842417;0;0;0321;018;20141229160013;20141229160013
36392934;0;21985375828;0;0;0321;018;20141229160012;20141229160012
36341520;0;21987273717;0;0;0321;018;20141229160013;20141229160013
36284340;1;21973603253;;;;;;20141229160015
36409159;0;2132219491;2;0;0121;221;20141229160012;20141229160012
36407046;0;21969305049;0;0;0321;018;20141229160012;20141229160012
36392935;0;21987080041;0;0;0321;018;20141229160013;20141229160013
35750484;0;21984012767;0;0;0321;018;20141229160012;20141229160012
36409109;0;2132219480;2;0;0121;221;20141229160012;20141229160012
36406994;0;3197751150;0;0;0321;430;20141229160013;20141229160013
36409117;0;2132219481;2;0;0121;221;20141229160012;20141229160012
36414731;0;21983088882;0;0;0321;018;20141229160012;20141229160012
36403613;0;21999555168;0;0;0321;018;20141229160013;20141229160013
35957792;1;21985476219;;;;;;20141229160013
36361290;0;21985476219;0;0;0321;018;20141229160013;20141229160013
36392936;0;21985678600;0;0;0321;018;20141229160013;20141229160013
36252279;0;21980052759;0;0;0321;018;20141229160012;20141229160012
36327624;1;21976139999;;;;;;20141229160015
36403725;0;21981496983;0;0;0321;018;20141229160012;20141229160012
36211987;0;3337533209;2;0;0121;232;20141229160013;20141229160013
36348052;0;21964466260;0;0;0321;018;20141229160012;20141229160012
35789452;1;21981083430;;;;;;20141229160015
35783149;0;21987543230;0;0;0321;018;20141229160013;20141229160013
36044627;1;21980966423;;;;;;20141229160012
36419643;0;21980966423;0;0;0321;018;20141229160012;20141229160012
36211976;0;3337533206;2;0;0121;232;20141229160013;20141229160013
36414328;0;21979061708;0;0;0321;018;20141229160012;20141229160012
36409148;0;2132219488;2;0;0121;221;20141229160012;20141229160012
36409164;0;2132219492;2;0;0121;221;20141229160012;20141229160012
36409125;0;2132219483;2;0;0121;221;20141229160012;20141229160012
36409141;0;2132219486;2;0;0121;221;20141229160012;20141229160012
7241110;1;21988323020;;;;;;20141229160013
36410538;0;21988323020;0;0;0321;018;20141229160013;20141229160013
36409152;0;2132219489;2;0;0121;221;20141229160012;20141229160012
36409129;0;2132219484;2;0;0121;221;20141229160012;20141229160012
36401894;0;21989323776;0;0;0321;018;20141229160013;20141229160013
36409154;0;2132219490;2;0;0121;221;20141229160012;20141229160012
36409122;0;2132219482;2;0;0121;221;20141229160012;20141229160012
36405978;0;3291384074;0;0;0321;430;20141229160013;20141229160013
16792570;1;21994975877;;;;;;20141229160015
36191696;0;21988460094;0;0;0321;018;20141229160013;20141229160013
36394226;0;21989280007;0;0;0321;018;20141229160013;20141229160013
36193434;0;21988770886;0;0;0321;018;20141229160013;20141229160013
36211961;0;3337533203;2;0;0121;232;20141229160013;20141229160013
36410757;0;21995810410;0;0;0321;018;20141229160013;20141229160013
36417853;0;21988386286;0;0;0321;018;20141229160013;20141229160013
36213568;0;21988719760;0;0;0321;018;20141229160013;20141229160013
36297887;0;2733245478;0;0;0125;488;20141229160013;20141229160013
36394225;0;21989256116;0;0;0321;018;20141229160013;20141229160013
36211952;0;3337533201;2;0;0121;232;20141229160013;20141229160013
36469564;0;2137692045;0;0;0131;021;20141229160012;20141229160012
36409170;0;2132219493;2;0;0121;221;20141229160012;20141229160012
36211983;0;3337533207;2;0;0121;232;20141229160013;20141229160013
36243545;0;21996529161;0;0;0321;018;20141229160013;20141229160013
36404420;0;21999887996;0;0;0321;018;20141229160013;20141229160013
36211985;0;3337533208;2;0;0121;232;20141229160013;20141229160013
36211991;0;3337533210;2;0;0121;232;20141229160013;20141229160013
36472992;0;2134997145;0;0;0121;221;20141229160012;20141229160012
36469862;0;2136720200;0;0;0131;021;20141229160012;20141229160012
36406722;0;21964148364;0;0;0321;018;20141229160012;20141229160012
36211967;0;3337533204;2;0;0121;232;20141229160013;20141229160013
36408429;0;21996730454;0;0;0321;018;20141229160013;20141229160013
36417311;0;21997689539;0;0;0321;018;20141229160013;20141229160013
36405459;0;21996993163;0;0;0321;018;20141229160013;20141229160013
36212002;0;3337533213;2;0;0121;232;20141229160014;20141229160014
36211992;0;3337533211;2;0;0121;232;20141229160013;20141229160013
36406312;0;21999150838;0;0;0321;018;20141229160013;20141229160013
36211998;0;3337533212;2;0;0121;232;20141229160014;20141229160014
36211949;0;3337533200;2;0;0121;232;20141229160013;20141229160013
36409908;0;3198070282;0;0;0321;430;20141229160013;20141229160013
36211954;0;3337533202;2;0;0121;232;20141229160013;20141229160013
36212160;0;3337533239;2;0;0121;232;20141229160014;20141229160014
36212012;0;3337533216;2;0;0121;232;20141229160014;20141229160014
36212013;0;3337533217;2;0;0121;232;20141229160014;20141229160014
36212035;0;3337533222;2;0;0121;232;20141229160014;20141229160014
36419992;0;3188783166;0;0;0321;430;20141229160013;20141229160013
36366552;0;3185413082;0;0;0321;430;20141229160013;20141229160013
35757678;0;3132256105;2;0;0125;102;20141229160013;20141229160013
36417443;0;22997821254;0;0;0321;018;20141229160013;20141229160013
36212142;0;3337533235;2;0;0121;232;20141229160014;20141229160014
36212196;0;3337533246;2;0;0121;232;20141229160014;20141229160014
13855514;1;4333111115;;;;;;20141229160015
36408987;0;4333111115;2;0;0121;241;20141229160015;20141229160015
36187955;0;4133725682;0;0;0125;141;20141229160015;20141229160015
36285185;0;4136790072;0;0;0125;141;20141229160015;20141229160015
36410533;0;3191598448;0;0;0321;430;20141229160013;20141229160013
36212189;0;3337533243;2;0;0121;232;20141229160014;20141229160014
33299494;1;4141069900;;;;;;20141229160015
36151199;0;4141069900;0;0;0125;141;20141229160015;20141229160015
36367776;0;4132655240;0;0;0125;141;20141229160014;20141229160014
29406902;1;4130854544;;;;;;20141229160016
29151804;1;4130493802;;;;;;20141229160016
36376726;0;4135881950;0;0;0125;141;20141229160015;20141229160015
36212006;0;3337533214;2;0;0121;232;20141229160014;20141229160014
36212026;0;3337533220;2;0;0121;232;20141229160014;20141229160014
36316219;0;4133522024;0;0;0125;141;20141229160015;20141229160015
36212030;0;3337533221;2;0;0121;232;20141229160014;20141229160014
36212143;0;3337533236;2;0;0121;232;20141229160014;20141229160014
22833234;1;4130157783;;;;;;20141229160017
36212009;0;3337533215;2;0;0121;232;20141229160014;20141229160014
36212153;0;3337533237;2;0;0121;232;20141229160014;20141229160014
26300615;1;4132757331;;;;;;20141229160015
36184464;0;4132757331;0;0;0125;141;20141229160015;20141229160015
36373271;0;4133399943;0;0;0125;141;20141229160015;20141229160015
36212157;0;3337533238;2;0;0121;232;20141229160014;20141229160014
36212016;0;3337533218;2;0;0121;232;20141229160014;20141229160014
36285944;0;27997416152;0;0;0321;019;20141229160013;20141229160013
2717144;1;4132882612;;;;;;20141229160015
35957880;0;4132882612;0;0;0125;141;20141229160015;20141229160015
36212174;0;3337533240;2;0;0121;232;20141229160014;20141229160014
29286903;1;4133322981;;;;;;20141229160015
36385561;0;4133322981;0;0;0143;541;20141229160015;20141229160015
13855526;1;4333111127;;;;;;20141229160015
36409054;0;4333111127;2;0;0121;241;20141229160015;20141229160015
36212186;0;3337533242;2;0;0121;232;20141229160014;20141229160014
3129331;1;4133320241;;;;;;20141229160015
36370307;0;4133320241;0;0;0143;541;20141229160015;20141229160015
36419711;0;3185928262;0;0;0321;430;20141229160013;20141229160013
13855502;1;4333111103;;;;;;20141229160015
36408920;0;4333111103;2;0;0121;241;20141229160015;20141229160015
36212183;0;3337533241;2;0;0121;232;20141229160014;20141229160014
36212061;0;3337533229;2;0;0121;232;20141229160014;20141229160014
36420016;0;4184061927;0;0;0321;441;20141229160015;20141229160015
36407353;0;3491723063;0;0;0321;430;20141229160014;20141229160014
36212192;0;3337533244;2;0;0121;232;20141229160014;20141229160014
36411474;0;4185053935;0;0;0321;441;20141229160015;20141229160015
36416559;0;3288357934;0;0;0321;430;20141229160013;20141229160013
13855508;1;4333111109;;;;;;20141229160015
36408949;0;4333111109;2;0;0121;241;20141229160015;20141229160015
13855533;1;4333111134;;;;;;20141229160015
36409114;0;4333111134;2;0;0121;241;20141229160015;20141229160015
36417658;0;3185336231;0;0;0321;430;20141229160013;20141229160013
13855525;1;4333111126;;;;;;20141229160015
36409047;0;4333111126;2;0;0121;241;20141229160015;20141229160015
13855504;1;4333111105;;;;;;20141229160015
36408932;0;4333111105;2;0;0121;241;20141229160015;20141229160015
13855505;1;4333111106;;;;;;20141229160015
36408938;0;4333111106;2;0;0121;241;20141229160015;20141229160015
7357367;1;4188343029;;;;;;20141229160017
36406146;0;3491723689;0;0;0321;430;20141229160014;20141229160014
36406260;0;3491694893;0;0;0321;430;20141229160014;20141229160014
36406952;0;3892257586;0;0;0321;430;20141229160014;20141229160014
36419792;0;3185182002;0;0;0321;430;20141229160013;20141229160013
36417240;0;3187851359;0;0;0321;430;20141229160013;20141229160013
35757679;0;3132861106;2;0;0125;102;20141229160013;20141229160013
13855499;1;4333111100;;;;;;20141229160015
36408904;0;4333111100;2;0;0121;241;20141229160015;20141229160015
36212021;0;3337533219;2;0;0121;232;20141229160014;20141229160014
13855511;1;4333111112;;;;;;20141229160015
36408967;0;4333111112;2;0;0121;241;20141229160015;20141229160015
13855512;1;4333111113;;;;;;20141229160015
36408977;0;4333111113;2;0;0121;241;20141229160015;20141229160015
13855513;1;4333111114;;;;;;20141229160015
36408983;0;4333111114;2;0;0121;241;20141229160015;20141229160015
13855501;1;4333111102;;;;;;20141229160015
36408915;0;4333111102;2;0;0121;241;20141229160015;20141229160015
13855515;1;4333111116;;;;;;20141229160015
36408989;0;4333111116;2;0;0121;241;20141229160015;20141229160015
13855503;1;4333111104;;;;;;20141229160015
36408923;0;4333111104;2;0;0121;241;20141229160015;20141229160015
36212057;0;3337533228;2;0;0121;232;20141229160014;20141229160014
36212133;0;3337533233;2;0;0121;232;20141229160014;20141229160014
13855544;1;4333111145;;;;;;20141229160016
36409163;0;4333111145;2;0;0121;241;20141229160016;20141229160016
13855507;1;4333111108;;;;;;20141229160015
36408944;0;4333111108;2;0;0121;241;20141229160015;20141229160015
13855500;1;4333111101;;;;;;20141229160015
36408910;0;4333111101;2;0;0121;241;20141229160015;20141229160015
13855543;1;4333111144;;;;;;20141229160016
36409156;0;4333111144;2;0;0121;241;20141229160016;20141229160016
36212130;0;3337533232;2;0;0121;232;20141229160014;20141229160014
36212044;0;3337533224;2;0;0121;232;20141229160014;20141229160014
13855506;1;4333111107;;;;;;20141229160015
36408942;0;4333111107;2;0;0121;241;20141229160015;20141229160015
13855541;1;4333111142;;;;;;20141229160016
36409149;0;4333111142;2;0;0121;241;20141229160016;20141229160016
13855510;1;4333111111;;;;;;20141229160015
36408964;0;4333111111;2;0;0121;241;20141229160015;20141229160015
13855509;1;4333111110;;;;;;20141229160015
36408957;0;4333111110;2;0;0121;241;20141229160015;20141229160015
36408486;0;3191232556;0;0;0321;430;20141229160013;20141229160013
36212194;0;3337533245;2;0;0121;232;20141229160014;20141229160014
36408028;0;3491662898;0;0;0321;430;20141229160014;20141229160014
36212205;0;3337533249;2;0;0121;232;20141229160014;20141229160014
13855537;1;4333111138;;;;;;20141229160016
36409131;0;4333111138;2;0;0121;241;20141229160016;20141229160016
13855540;1;4333111141;;;;;;20141229160016
36409144;0;4333111141;2;0;0121;241;20141229160016;20141229160016
13855518;1;4333111119;;;;;;20141229160015
36409010;0;4333111119;2;0;0121;241;20141229160015;20141229160015
36404443;0;3491615738;0;0;0321;430;20141229160014;20141229160014
13855517;1;4333111118;;;;;;20141229160015
36409005;0;4333111118;2;0;0121;241;20141229160015;20141229160015
36212204;0;3337533248;2;0;0121;232;20141229160014;20141229160014
36358023;0;4198116113;0;0;0321;441;20141229160015;20141229160015
36212199;0;3337533247;2;0;0121;232;20141229160014;20141229160014
36419629;0;4198905310;0;0;0321;441;20141229160015;20141229160015
36418798;0;4196036934;0;0;0321;441;20141229160015;20141229160015
36351130;0;4198992214;0;0;0321;441;20141229160015;20141229160015
36362008;0;3192918856;0;0;0321;430;20141229160013;20141229160013
7357319;1;4191622039;;;;;;20141229160015
36418725;0;4191622039;0;0;0321;441;20141229160015;20141229160015
13855545;1;4333111146;;;;;;20141229160016
36409168;0;4333111146;2;0;0121;241;20141229160016;20141229160016
13855539;1;4333111140;;;;;;20141229160016
36409143;0;4333111140;2;0;0121;241;20141229160016;20141229160016
13855546;1;4333111147;;;;;;20141229160016
36409175;0;4333111147;2;0;0121;241;20141229160016;20141229160016
13855536;1;4333111137;;;;;;20141229160016
36409127;0;4333111137;2;0;0121;241;20141229160016;20141229160016
36331866;0;4333247768;2;0;0125;142;20141229160016;20141229160016
13855542;1;4333111143;;;;;;20141229160016
36409153;0;4333111143;2;0;0121;241;20141229160016;20141229160016
13855529;1;4333111130;;;;;;20141229160015
36409070;0;4333111130;2;0;0121;241;20141229160015;20141229160015
13855531;1;4333111132;;;;;;20141229160015
36409091;0;4333111132;2;0;0121;241;20141229160015;20141229160015
13855538;1;4333111139;;;;;;20141229160016
36409137;0;4333111139;2;0;0121;241;20141229160016;20141229160016
13855516;1;4333111117;;;;;;20141229160015
36408996;0;4333111117;2;0;0121;241;20141229160015;20141229160015
13855528;1;4333111129;;;;;;20141229160015
36409065;0;4333111129;2;0;0121;241;20141229160015;20141229160015
13855532;1;4333111133;;;;;;20141229160015
36409107;0;4333111133;2;0;0121;241;20141229160015;20141229160015
36212045;0;3337533223;2;0;0121;232;20141229160014;20141229160014
36212048;0;3337533226;2;0;0121;232;20141229160014;20141229160014
36212046;0;3337533225;2;0;0121;232;20141229160014;20141229160014
36212053;0;3337533227;2;0;0121;232;20141229160014;20141229160014
13855521;1;4333111122;;;;;;20141229160015
36409030;0;4333111122;2;0;0121;241;20141229160015;20141229160015
13855520;1;4333111121;;;;;;20141229160015
36409026;0;4333111121;2;0;0121;241;20141229160015;20141229160015
36418309;0;4332534187;0;0;0125;141;20141229160015;20141229160015
13855519;1;4333111120;;;;;;20141229160015
36409018;0;4333111120;2;0;0121;241;20141229160015;20141229160015
833015;1;4330554599;;;;;;20141229160018
833676;1;4330554588;;;;;;20141229160018
36212136;0;3337533234;2;0;0121;232;20141229160014;20141229160014
36212063;0;3337533230;2;0;0121;232;20141229160014;20141229160014
36420219;0;4896137986;0;0;0321;447;20141229160017;20141229160017
36212065;0;3337533231;2;0;0121;232;20141229160014;20141229160014
13855523;1;4333111124;;;;;;20141229160015
36409035;0;4333111124;2;0;0121;241;20141229160015;20141229160015
13855547;1;4333111148;;;;;;20141229160016
36409579;0;4333111148;2;0;0121;241;20141229160016;20141229160016
13855548;1;4333111149;;;;;;20141229160016
36409581;0;4333111149;2;0;0121;241;20141229160016;20141229160016
13855530;1;4333111131;;;;;;20141229160015
36409076;0;4333111131;2;0;0121;241;20141229160015;20141229160015
13855524;1;4333111125;;;;;;20141229160015
36409040;0;4333111125;2;0;0121;241;20141229160015;20141229160015
13855522;1;4333111123;;;;;;20141229160015
36409032;0;4333111123;2;0;0121;241;20141229160015;20141229160015
36375651;0;4333276196;0;0;0125;142;20141229160016;20141229160016
13855527;1;4333111128;;;;;;20141229160015
36409059;0;4333111128;2;0;0121;241;20141229160015;20141229160015
36120334;0;4333378578;0;0;0125;142;20141229160016;20141229160016
36406334;0;4333219619;0;0;0125;142;20141229160016;20141229160016
13855535;1;4333111136;;;;;;20141229160016
36409123;0;4333111136;2;0;0121;241;20141229160016;20141229160016
13855534;1;4333111135;;;;;;20141229160016
36409120;0;4333111135;2;0;0121;241;20141229160016;20141229160016
36304617;0;4333232065;0;0;0125;142;20141229160016;20141229160016
36156401;1;4899990458;;;;;;20141229160019
36418439;0;4932225148;0;0;0125;147;20141229160017;20141229160017
35930812;0;4933235900;0;0;0125;147;20141229160017;20141229160017
35944592;0;4933233553;0;0;0125;147;20141229160017;20141229160017
36170945;0;4932240631;0;0;0125;147;20141229160017;20141229160017
35909429;0;4933118326;0;0;0125;147;20141229160017;20141229160017
15830147;1;4833387848;;;;;;20141229160017
36420253;0;4833387848;0;0;0125;147;20141229160017;20141229160017
36379220;0;4333427468;0;0;0125;142;20141229160016;20141229160016
36301476;0;4333451313;0;0;0125;142;20141229160016;20141229160016
36364980;0;5133631228;0;0;0125;151;20141229160017;20141229160017
36373516;0;4333423869;0;0;0125;142;20141229160016;20141229160016
36408619;0;4833413455;2;0;0121;247;20141229160017;20141229160017
36197604;0;5133071315;0;0;0125;151;20141229160017;20141229160017
36419495;0;5432238684;0;0;0125;151;20141229160017;20141229160017
36401450;0;4833654705;0;0;0125;147;20141229160017;20141229160017
36404262;0;6133744382;0;0;0125;161;20141229160017;20141229160017
36412384;0;4884725272;0;0;0321;447;20141229160017;20141229160017
36225909;0;4333546413;0;0;0125;142;20141229160016;20141229160016
36256700;1;4399285617;;;;;;20141229160019
36417788;0;5499645207;0;0;0321;006;20141229160017;20141229160017
36410330;0;6133333358;0;0;0125;161;20141229160017;20141229160017
36402071;0;4896869658;0;0;0321;447;20141229160017;20141229160017
36253529;0;5135160867;0;0;0125;151;20141229160017;20141229160017
36401428;0;5134960207;0;0;0125;151;20141229160017;20141229160017
33950997;1;4999618000;;;;;;20141229160017
36404558;0;4999618000;0;0;0321;447;20141229160017;20141229160017
25166304;1;5181237528;;;;;;20141229160017
36413711;0;5181237528;0;0;0321;006;20141229160017;20141229160017
35141946;1;4832477951;;;;;;20141229160017
36419152;0;4832477951;0;0;0125;147;20141229160017;20141229160017
36410493;0;5186177185;0;0;0321;006;20141229160017;20141229160017
36416155;0;5132735180;0;0;0125;151;20141229160017;20141229160017
36473797;0;5133923758;0;0;0121;251;20141229160017;20141229160017
36408055;0;5182677371;0;0;0321;006;20141229160017;20141229160017
36350298;0;5196282850;0;0;0321;006;20141229160017;20141229160017
21587320;1;5197250889;;;;;;20141229160017
36410306;0;5197250889;0;0;0321;006;20141229160017;20141229160017
36417234;0;5184756697;0;0;0321;006;20141229160017;20141229160017
36414272;0;5134934636;0;0;0125;151;20141229160017;20141229160017
36417056;0;5184295643;0;0;0321;006;20141229160017;20141229160017
36418021;0;5184344434;0;0;0321;006;20141229160017;20141229160017
36377790;0;5134393309;0;0;0125;151;20141229160017;20141229160017
33049685;1;5134595007;;;;;;20141229160017
36260767;0;5134595007;0;0;0125;151;20141229160017;20141229160017
36411102;0;4432244935;0;0;0125;141;20141229160016;20141229160016
36405919;0;6132230333;0;0;0125;161;20141229160017;20141229160017
6410462;1;5133476706;;;;;;20141229160017
36284581;0;5133476706;0;0;0125;151;20141229160017;20141229160017
8717052;1;5133312610;;;;;;20141229160017
36416154;0;5133312610;0;0;0125;151;20141229160017;20141229160017
36417198;0;4733660297;0;0;0125;147;20141229160016;20141229160016
36068662;0;6133587228;0;0;0125;161;20141229160017;20141229160017
36334383;0;4532787925;0;0;0125;141;20141229160016;20141229160016
36388110;0;4436312820;0;0;0125;141;20141229160016;20141229160016
36380362;0;4733942214;0;0;0125;147;20141229160016;20141229160016
36418703;0;4799172030;0;0;0321;447;20141229160016;20141229160016
36377721;0;6133851869;0;0;0125;161;20141229160018;20141229160018
33927524;1;5492229014;;;;;;20141229160020
36345645;0;4797474460;0;0;0321;447;20141229160016;20141229160016
31189099;1;4734273100;;;;;;20141229160016
36376281;0;4734273100;0;0;0125;147;20141229160016;20141229160016
36020350;0;6133933128;0;0;0125;161;20141229160018;20141229160018
12181467;1;6133878875;;;;;;20141229160018
36350468;0;6133878875;0;0;0125;161;20141229160018;20141229160018
36359594;0;6133744756;0;0;0125;161;20141229160018;20141229160018
11608001;1;6133821980;;;;;;20141229160018
36102875;0;6133821980;0;0;0125;161;20141229160018;20141229160018
36403528;0;5195607730;0;0;0321;006;20141229160017;20141229160017
36419526;0;4799378921;0;0;0321;447;20141229160016;20141229160016
10191436;1;4734544404;;;;;;20141229160016
36417404;0;4734544404;0;0;0125;147;20141229160016;20141229160016
36417298;0;5181318285;0;0;0321;006;20141229160017;20141229160017
36362064;0;5181369801;0;0;0321;006;20141229160017;20141229160017
27631359;1;6132017792;;;;;;20141229160020
36410331;0;6133333318;0;0;0125;161;20141229160017;20141229160017
36408623;0;4833443130;2;0;0121;247;20141229160017;20141229160017
29895865;1;6132014688;;;;;;20141229160020
20023034;1;6130334569;;;;;;20141229160017
36385734;0;6130334569;0;0;0125;161;20141229160017;20141229160017
36410329;0;6133333300;0;0;0125;161;20141229160017;20141229160017
36386988;0;6133575921;0;0;0125;161;20141229160017;20141229160017
36405922;0;6132259788;0;0;0125;161;20141229160017;20141229160017
36383247;0;6132637486;0;0;0125;161;20141229160017;20141229160017
30936997;1;4834337500;;;;;;20141229160017
36418677;0;4834337500;0;0;0125;147;20141229160017;20141229160017
13852511;1;4834374768;;;;;;20141229160017
36414240;0;6196419058;0;0;0321;063;20141229160018;20141229160018
36419423;0;4834374768;0;0;0125;147;20141229160017;20141229160017
36325075;0;6235125180;0;0;0125;162;20141229160018;20141229160018
36238018;0;6232152130;0;0;0125;162;20141229160018;20141229160018
26619908;1;6239419130;;;;;;20141229160020
36335396;0;6236229582;0;0;0125;162;20141229160018;20141229160018
36413695;0;6236093450;0;0;0125;162;20141229160018;20141229160018
36084059;0;5197029928;0;0;0321;006;20141229160017;20141229160017
36359864;0;6286234814;0;0;0321;077;20141229160019;20141229160019
36239844;0;6436126792;0;0;0125;162;20141229160019;20141229160019
36405196;0;5197034327;0;0;0321;006;20141229160017;20141229160017
36376716;0;6436134159;0;0;0125;162;20141229160019;20141229160019
36386527;0;6436124694;0;0;0125;162;20141229160019;20141229160019
21587325;1;5199861204;;;;;;20141229160017
36410272;0;5199861204;0;0;0321;006;20141229160017;20141229160017
36304579;0;6733624815;0;0;0125;167;20141229160019;20141229160019
27660921;1;6239220535;;;;;;20141229160020
29703238;1;5491218569;;;;;;20141229160021
23618650;1;6133013789;;;;;;20141229160017
36137930;0;6133013789;0;0;0125;161;20141229160017;20141229160017
36405921;0;6132232448;0;0;0125;161;20141229160017;20141229160017
36403677;0;5182624861;0;0;0321;006;20141229160017;20141229160017
36417057;0;5184686812;0;0;0321;006;20141229160017;20141229160017
36249316;0;6133956294;0;0;0125;161;20141229160018;20141229160018
8952424;1;6133973329;;;;;;20141229160018
36205536;0;6133973329;0;0;0125;161;20141229160018;20141229160018
36403297;0;5186566216;0;0;0321;006;20141229160017;20141229160017
2171534;1;5191044625;;;;;;20141229160021
36406149;0;5484224055;0;0;0321;006;20141229160017;20141229160017
36413483;0;5384540856;0;0;0321;006;20141229160017;20141229160017
35007854;1;6133973655;;;;;;20141229160018
36313545;0;6133973655;0;0;0125;161;20141229160018;20141229160018
36410557;0;5481410908;0;0;0321;006;20141229160017;20141229160017
36408723;0;5532253932;0;0;0125;151;20141229160017;20141229160017
35966373;1;6195689817;;;;;;20141229160021
36379546;0;6135422722;0;0;0125;161;20141229160018;20141229160018
36365749;0;6236242730;0;0;0125;162;20141229160019;20141229160019
36359956;0;6232425087;0;0;0125;162;20141229160018;20141229160018
36346384;0;6232152143;0;0;0125;162;20141229160018;20141229160018
36370125;0;6232231919;0;0;0125;162;20141229160018;20141229160018
36410766;0;6232426463;0;0;0125;162;20141229160018;20141229160018
36357858;0;6184556068;0;0;0321;063;20141229160018;20141229160018
36280522;0;6733637026;0;0;0125;167;20141229160019;20141229160019
36284181;0;6733918046;0;0;0125;167;20141229160020;20141229160020
36336109;0;6733914184;0;0;0125;167;20141229160019;20141229160019
36280988;0;6733913509;0;0;0125;167;20141229160019;20141229160019
36407889;0;6182475152;0;0;0321;063;20141229160018;20141229160018
36344916;0;6734227581;0;0;0125;167;20141229160020;20141229160020
25422838;1;6196169553;;;;;;20141229160018
36417726;0;6196169553;0;0;0321;063;20141229160018;20141229160018
26017696;1;6195577996;;;;;;20141229160021
23457485;1;6181414272;;;;;;20141229160018
36414658;0;6181414272;0;0;0321;063;20141229160018;20141229160018
36406261;0;5484261288;0;0;0321;006;20141229160017;20141229160017
36419265;0;6235732689;0;0;0125;162;20141229160018;20141229160018
36325009;0;6733884993;0;0;0125;167;20141229160019;20141229160019
36201614;0;6734211906;0;0;0125;167;20141229160020;20141229160020
36412019;0;6734221238;0;0;0125;167;20141229160020;20141229160020
36377179;0;6732013258;0;0;0125;167;20141229160019;20141229160019
30013227;1;6239425865;;;;;;20141229160021
36404487;0;6536660844;0;0;0125;165;20141229160019;20141229160019
36380360;0;6733913642;0;0;0125;167;20141229160019;20141229160019
36321458;0;6734215954;0;0;0125;167;20141229160020;20141229160020
36166096;0;6135517159;0;0;0125;161;20141229160018;20141229160018
9104677;1;6181892098;;;;;;20141229160018
36414238;0;6181892098;0;0;0321;063;20141229160018;20141229160018
36417147;0;6181826850;0;0;0321;063;20141229160018;20141229160018
36367330;0;6181129897;0;0;0321;063;20141229160018;20141229160018
36420408;0;6182005655;0;0;0321;063;20141229160018;20141229160018
31559915;1;8186387800;;;;;;20141229160020
36420388;0;8186387800;0;0;0321;023;20141229160020;20141229160020
27818265;1;6134343926;;;;;;20141229160018
36152165;0;6134343926;0;0;0125;161;20141229160018;20141229160018
23260648;1;6733806959;;;;;;20141229160019
36334396;0;6733806959;0;0;0125;167;20141229160019;20141229160019
36281109;0;6733914739;0;0;0125;167;20141229160020;20141229160020
36184581;0;6138771959;0;0;0125;161;20141229160018;20141229160018
36405384;0;6181609880;0;0;0321;063;20141229160018;20141229160018
36341987;0;6733802098;0;0;0125;167;20141229160019;20141229160019
36281955;0;6733638975;0;0;0125;167;20141229160019;20141229160019
36341952;0;6733829855;0;0;0125;167;20141229160019;20141229160019
36416278;0;6232862184;0;0;0125;162;20141229160018;20141229160018
9104875;1;6181892099;;;;;;20141229160018
36414239;0;6181892099;0;0;0321;063;20141229160018;20141229160018
36373934;0;6733828144;0;0;0125;167;20141229160019;20141229160019
36416464;0;6234344150;0;0;0125;162;20141229160018;20141229160018
36202093;0;6234320950;0;0;0125;162;20141229160018;20141229160018
36344177;0;6182063213;0;0;0321;063;20141229160018;20141229160018
36175503;0;6436216241;0;0;0125;162;20141229160019;20141229160019
21478808;1;6730298752;;;;;;20141229160022
36184695;0;6732530089;0;0;0125;167;20141229160019;20141229160019
36018014;0;6733800558;0;0;0125;167;20141229160019;20141229160019
36053375;0;6733654839;0;0;0125;167;20141229160019;20141229160019
36403790;0;6232898988;0;0;0125;162;20141229160018;20141229160018
36412534;0;6232958098;0;0;0125;162;20141229160018;20141229160018
36370212;0;6235180070;0;0;0125;162;20141229160018;20141229160018
36418631;0;6232844809;0;0;0125;162;20141229160018;20141229160018
36181694;0;6232510283;0;0;0125;162;20141229160018;20141229160018
35980174;0;6233240408;0;0;0125;162;20141229160018;20141229160018
36355079;0;6232847851;0;0;0125;162;20141229160018;20141229160018
34676520;1;6233177734;;;;;;20141229160018
36208716;0;6233177734;0;0;0125;162;20141229160018;20141229160018
24252116;1;6730292400;;;;;;20141229160022
36358563;0;6696791068;0;0;0321;057;20141229160019;20141229160019
19100019;1;6536217408;;;;;;20141229160019
36408847;0;6536217408;0;0;0125;165;20141229160019;20141229160019
36408636;0;6536245355;0;0;0125;165;20141229160019;20141229160019
36416144;0;6499590676;0;0;0321;077;20141229160019;20141229160019
36388964;0;6521370353;0;0;0125;165;20141229160019;20141229160019
36354860;0;6436232052;0;0;0125;162;20141229160019;20141229160019
36298407;0;6536240123;0;0;0125;165;20141229160019;20141229160019
36297318;0;6734263985;0;0;0125;167;20141229160020;20141229160020
36410624;0;6533652661;0;0;0125;165;20141229160019;20141229160019
36102595;0;6732221180;0;0;0125;167;20141229160019;20141229160019
36287282;0;6733528212;0;0;0125;167;20141229160019;20141229160019
36353738;0;8588729872;0;0;0321;028;20141229160021;20141229160021
36283553;0;6732022137;0;0;0125;167;20141229160019;20141229160019
36355604;0;6536615067;0;0;0125;165;20141229160019;20141229160019
36345353;0;6733054337;0;0;0125;167;20141229160019;20141229160019
30129094;1;6733416726;;;;;;20141229160019
36389650;0;6733416726;0;0;0125;167;20141229160019;20141229160019
28399835;1;8491080467;;;;;;20141229160023
29953559;1;6733415358;;;;;;20141229160019
36299105;0;6733415358;0;0;0125;167;20141229160019;20141229160019
36419699;0;6733515039;0;0;0125;167;20141229160019;20141229160019
36418813;0;7133466110;0;0;0125;387;20141229160020;20141229160020
36414541;0;6733494040;0;0;0125;167;20141229160019;20141229160019
36184090;0;6733522412;0;0;0125;167;20141229160019;20141229160019
36474819;0;8000809070;1;0;0121;212;20141229160020;20141229160020
36354229;0;6798497504;0;0;0321;054;20141229160020;20141229160020
36194909;0;7536220507;0;0;0125;387;20141229160020;20141229160020
36347749;0;8498748593;0;0;0321;032;20141229160020;20141229160020
36292200;0;8232215699;0;0;0125;464;20141229160020;20141229160020
36413924;0;7491550436;0;0;0321;471;20141229160020;20141229160020
36353161;0;8532494804;0;0;0181;809;20141229160020;20141229160020
36473944;0;8130539793;0;0;0121;281;20141229160020;20141229160020
36353246;0;8532242125;0;0;0181;809;20141229160020;20141229160020
36404154;0;8532232534;0;0;0125;388;20141229160020;20141229160020
12302159;1;8132215094;;;;;;20141229160020
36474016;0;8132215094;0;0;0121;281;20141229160020;20141229160020
36353223;0;8530454345;0;0;0181;809;20141229160020;20141229160020
36353214;0;8530455007;0;0;0181;809;20141229160020;20141229160020
31207669;1;8532171764;;;;;;20141229160020
36353226;0;8532171764;0;0;0181;809;20141229160020;20141229160020
9785698;1;8491258682;;;;;;20141229160023
36474798;0;8530655036;0;0;0121;285;20141229160020;20141229160020
36344968;0;6734283187;0;0;0125;167;20141229160020;20141229160020
36245262;0;7536242453;0;0;0125;387;20141229160020;20141229160020
36401294;0;8132264597;0;0;0125;389;20141229160020;20141229160020
36407496;0;8532272125;0;0;0125;388;20141229160020;20141229160020
36420344;0;91983051245;0;0;0321;494;20141229160021;20141229160021
9932008;1;8534914441;;;;;;20141229160021
36353224;0;8534914441;0;0;0181;809;20141229160021;20141229160021
36353252;0;8532265365;0;0;0181;809;20141229160020;20141229160020
28791690;1;8597776563;;;;;;20141229160021
36357370;0;8597776563;0;0;0321;028;20141229160021;20141229160021
36360232;0;92981000555;0;0;0321;493;20141229160021;20141229160021
36353288;0;8599010001;0;0;0321;028;20141229160021;20141229160021
36353280;0;8532428856;0;0;0181;809;20141229160020;20141229160020
36321073;1;8194512697;;;;;;20141229160023
36416661;0;8587985455;0;0;0321;028;20141229160021;20141229160021
36320830;0;8333395949;0;0;0125;446;20141229160020;20141229160020
36347314;0;8532907599;0;0;0125;388;20141229160020;20141229160020
36353234;0;8533930102;0;0;0181;809;20141229160020;20141229160020
36352358;0;8597544000;0;0;0321;028;20141229160021;20141229160021
36159137;0;92988550052;0;0;0320;033;20141229160021;20141229160021
7776557;1;8532633872;;;;;;20141229160020
36353219;0;8532633872;0;0;0181;809;20141229160020;20141229160020
36360163;0;92993875062;0;0;0321;493;20141229160021;20141229160021
36353258;0;8532615628;0;0;0181;809;20141229160020;20141229160020
36359732;0;91982041597;0;0;0321;494;20141229160021;20141229160021
36353244;0;8532625735;0;0;0181;809;20141229160020;20141229160020
20524349;1;92992090464;;;;;;20141229160021
36348361;0;92992090464;0;0;0321;493;20141229160021;20141229160021
36361672;0;8432021231;0;0;0125;346;20141229160020;20141229160020
f45a319262466ae06a3c5b19970e5c6d