20141028175005;1352
35137043;0;1143430064;2;0;0125;146;20141028160000;20141028160000
35380589;0;1145816234;2;0;0112;143;20141028160000;20141028160000
35266720;0;1145993726;0;0;0121;212;20141028160000;20141028160000
35335219;0;1145881005;2;0;0125;100;20141028160000;20141028160000
35335218;0;1145881004;2;0;0125;100;20141028160000;20141028160000
35335214;0;1145881000;2;0;0125;100;20141028160000;20141028160000
35342180;0;1145765109;0;0;0125;146;20141028160000;20141028160000
35476198;0;1145469955;0;0;0115;013;20141028160000;20141028160000
35137048;0;1143430069;2;0;0125;146;20141028160000;20141028160000
35137047;0;1143430068;2;0;0125;146;20141028160000;20141028160000
35137044;0;1143430065;2;0;0125;146;20141028160000;20141028160000
35180761;0;1136248135;0;0;0125;100;20141028160000;20141028160000
35407572;0;11985728833;0;0;0321;014;20141028160000;20141028160000
5547249;1;11982727194;;;;;;20141028160000
35400239;0;11982727194;0;0;0321;014;20141028160000;20141028160000
35318782;0;11980589715;0;0;0321;014;20141028160000;20141028160000
35399069;0;11975652624;0;0;0321;014;20141028160000;20141028160000
35410005;0;11970453035;0;0;0321;014;20141028160000;20141028160000
35399747;0;11941513388;0;0;0321;014;20141028160000;20141028160000
35479750;0;1151812885;0;0;0115;011;20141028160000;20141028160000
7617031;1;11983533115;;;;;;20141028160000
35409730;0;11983533115;0;0;0321;014;20141028160000;20141028160000
10897173;1;11974093113;;;;;;20141028160000
35409065;0;11974093113;0;0;0321;014;20141028160000;20141028160000
35335220;0;1145881006;2;0;0125;100;20141028160000;20141028160000
35476153;0;1141955581;0;0;0115;011;20141028160000;20141028160000
35392025;0;11985396919;0;0;0321;014;20141028160000;20141028160000
25677820;1;11981895708;;;;;;20141028160000
35410413;0;11981895708;0;0;0321;014;20141028160000;20141028160000
35410337;0;11979649098;0;0;0321;014;20141028160000;20141028160000
35400007;0;11972305724;0;0;0321;014;20141028160000;20141028160000
28297480;1;11986521044;;;;;;20141028160000
35407282;0;11986521044;0;0;0321;014;20141028160000;20141028160000
35335216;0;1145881002;2;0;0125;100;20141028160000;20141028160000
35335215;0;1145881001;2;0;0125;100;20141028160000;20141028160000
35349967;0;11986863140;0;0;0321;014;20141028160000;20141028160000
35049891;0;1124492207;0;0;0125;100;20141028160000;20141028160000
35467731;0;1124465042;0;0;0115;011;20141028160000;20141028160000
35410262;0;11986154682;0;0;0321;014;20141028160000;20141028160000
31387158;1;11986141920;;;;;;20141028160000
35392809;0;11986141920;0;0;0321;014;20141028160000;20141028160000
34569561;1;11985393932;;;;;;20141028160000
35129762;0;11985393932;0;0;0321;014;20141028160000;20141028160000
35408913;0;11985005556;0;0;0321;014;20141028160000;20141028160000
25537849;1;11984802978;;;;;;20141028160000
35396858;0;11984802978;0;0;0321;014;20141028160000;20141028160000
35399315;0;11984614870;0;0;0321;014;20141028160000;20141028160000
28592161;1;11984025024;;;;;;20141028160000
35392670;0;11984025024;0;0;0321;014;20141028160000;20141028160000
30983342;1;11983425349;;;;;;20141028160000
34969847;0;11983425349;0;0;0321;014;20141028160000;20141028160000
35399996;0;11981699940;0;0;0321;014;20141028160000;20141028160000
23805666;1;11979857315;;;;;;20141028160000
35307633;0;11979857315;0;0;0321;014;20141028160000;20141028160000
25719983;1;11976359470;;;;;;20141028160003
35409915;0;11975931759;0;0;0321;014;20141028160000;20141028160000
35399579;0;11974679349;0;0;0321;014;20141028160000;20141028160000
35410020;0;11974523337;0;0;0321;014;20141028160000;20141028160000
10897387;1;11974309537;;;;;;20141028160000
35409368;0;11974309537;0;0;0321;014;20141028160000;20141028160000
19196138;1;11973923732;;;;;;20141028160000
35198489;0;11973923732;0;0;0321;014;20141028160000;20141028160000
35390510;0;11971183938;0;0;0321;014;20141028160000;20141028160000
35400138;0;11969790202;0;0;0321;014;20141028160000;20141028160000
35408825;0;11964109006;0;0;0321;014;20141028160000;20141028160000
35271848;0;11962276395;0;0;0321;014;20141028160000;20141028160000
35408778;0;11962229556;0;0;0321;014;20141028160000;20141028160000
35407892;0;11953970038;0;0;0321;014;20141028160000;20141028160000
24868593;1;11953548000;;;;;;20141028160000
35398136;0;11953548000;0;0;0321;014;20141028160000;20141028160000
35391293;0;11953534369;0;0;0321;014;20141028160000;20141028160000
35390486;0;11952491150;0;0;0321;014;20141028160000;20141028160000
35400316;0;11950309586;0;0;0321;014;20141028160000;20141028160000
35395695;0;11949784439;0;0;0321;014;20141028160000;20141028160000
35407984;0;11949332719;0;0;0321;014;20141028160000;20141028160000
35467302;0;1147905314;0;0;0115;013;20141028160000;20141028160000
35468259;0;800128081;1;0;0115;011;20141028160000;20141028160000
28313798;1;11983296253;;;;;;20141028160000
35407174;0;11983296253;0;0;0321;014;20141028160000;20141028160000
4053855;1;11982595482;;;;;;20141028160000
35335310;0;11982595482;0;0;0321;014;20141028160000;20141028160000
17183307;1;11991639232;;;;;;20141028160003
34007949;1;11987731130;;;;;;20141028160001
35387449;0;11987731130;0;0;0321;014;20141028160001;20141028160001
35380588;0;1145816975;2;0;0112;143;20141028160000;20141028160000
32691082;1;11980959452;;;;;;20141028160000
35397026;0;11980959452;0;0;0321;014;20141028160000;20141028160000
35335223;0;1145881009;2;0;0125;100;20141028160000;20141028160000
35335221;0;1145881007;2;0;0125;100;20141028160000;20141028160000
35282056;1;11988053388;;;;;;20141028160003
35388662;0;11987704326;0;0;0321;014;20141028160001;20141028160001
35407903;0;11997751746;0;0;0321;014;20141028160001;20141028160001
35397327;0;11996966696;0;0;0321;014;20141028160001;20141028160001
35137046;0;1143430067;2;0;0125;146;20141028160000;20141028160000
35137042;0;1143430063;2;0;0125;146;20141028160000;20141028160000
35137041;0;1143430062;2;0;0125;146;20141028160000;20141028160000
35480447;0;1138572990;0;0;0115;011;20141028160000;20141028160000
33403101;1;11982369779;;;;;;20141028160000
35396420;0;11982369779;0;0;0321;014;20141028160000;20141028160000
35409367;0;11947271858;0;0;0321;014;20141028160000;20141028160000
19025144;1;11992859626;;;;;;20141028160004
35409303;0;11947219787;0;0;0321;014;20141028160000;20141028160000
34956286;0;11941588540;0;0;0321;014;20141028160000;20141028160000
34787091;1;11986931871;;;;;;20141028160001
35389789;0;11986931871;0;0;0321;014;20141028160001;20141028160001
35401115;0;11995465333;0;0;0321;014;20141028160001;20141028160001
35410108;0;11982213970;0;0;0321;014;20141028160000;20141028160000
35408866;0;11981809442;0;0;0321;014;20141028160000;20141028160000
35204948;0;11941264180;0;0;0321;014;20141028160000;20141028160000
35467530;0;1143991141;0;0;0115;013;20141028160000;20141028160000
35137040;0;1143430061;2;0;0125;146;20141028160000;20141028160000
35360407;0;11984933870;0;0;0351;823;20141028160000;20141028160000
33166322;1;11984523084;;;;;;20141028160000
35139497;0;11984523084;0;0;0321;014;20141028160000;20141028160000
27433990;1;11980934876;;;;;;20141028160000
35391024;0;11980934876;0;0;0321;014;20141028160000;20141028160000
23449923;1;11980505050;;;;;;20141028160000
35410283;0;11980505050;0;0;0321;014;20141028160000;20141028160000
35406275;0;11975248197;0;0;0321;014;20141028160000;20141028160000
35399583;0;11970518287;0;0;0321;014;20141028160000;20141028160000
35335217;0;1145881003;2;0;0125;100;20141028160000;20141028160000
35137039;0;1143430060;2;0;0125;146;20141028160000;20141028160000
35467867;0;1134458074;0;0;0121;212;20141028160000;20141028160000
35406193;0;11985276214;0;0;0321;014;20141028160000;20141028160000
35400003;0;11984312448;0;0;0321;014;20141028160000;20141028160000
35408004;0;11982185761;0;0;0321;014;20141028160000;20141028160000
32376970;1;11982149598;;;;;;20141028160000
35393019;0;11982149598;0;0;0321;014;20141028160000;20141028160000
34392509;1;11981979070;;;;;;20141028160000
35410326;0;11981979070;0;0;0321;014;20141028160000;20141028160000
35408248;0;11999335408;0;0;0321;014;20141028160002;20141028160002
32317921;1;11981081595;;;;;;20141028160000
35388682;0;11981081595;0;0;0321;014;20141028160000;20141028160000
35391133;0;11980934875;0;0;0321;014;20141028160000;20141028160000
30690554;1;11979995303;;;;;;20141028160000
35075435;0;11979995303;0;0;0321;014;20141028160000;20141028160000
35407473;0;11977457836;0;0;0321;014;20141028160000;20141028160000
35408144;0;11998937828;0;0;0321;014;20141028160002;20141028160002
34005105;1;11971713005;;;;;;20141028160000
35392980;0;11971713005;0;0;0321;014;20141028160000;20141028160000
35128567;0;11969880406;0;0;0321;014;20141028160000;20141028160000
28362320;1;11968983809;;;;;;20141028160000
35407550;0;11968983809;0;0;0321;014;20141028160000;20141028160000
35383702;0;11963271590;0;0;0351;823;20141028160000;20141028160000
35409645;0;11960200174;0;0;0321;014;20141028160000;20141028160000
35392388;0;11959196067;0;0;0321;014;20141028160000;20141028160000
35284874;0;11958965718;0;0;0321;014;20141028160000;20141028160000
35396448;0;11957712294;0;0;0321;014;20141028160000;20141028160000
35009995;0;11954990884;0;0;0321;014;20141028160000;20141028160000
35391868;0;11954709003;0;0;0321;014;20141028160000;20141028160000
35409855;0;11953022149;0;0;0321;014;20141028160000;20141028160000
35408982;0;11948273192;0;0;0321;014;20141028160000;20141028160000
35324900;0;1639531865;2;0;0121;212;20141028160002;20141028160002
35478635;0;1146480456;0;0;0115;011;20141028160000;20141028160000
35294529;0;2124252634;0;0;0125;101;20141028160002;20141028160002
7616943;1;11994332556;;;;;;20141028160004
35394016;0;18997130691;0;0;0321;017;20141028160002;20141028160002
29880332;1;11989222009;;;;;;20141028160004
35449901;0;2127233428;0;0;0131;021;20141028160002;20141028160002
35335222;0;1145881008;2;0;0125;100;20141028160000;20141028160000
35449998;0;2127017157;0;0;0131;021;20141028160002;20141028160002
35324867;0;1639531216;2;0;0121;212;20141028160002;20141028160002
35374667;0;1633314196;0;0;0125;100;20141028160002;20141028160002
35410165;0;2132499523;0;0;0125;101;20141028160002;20141028160002
35346366;0;2124411347;0;0;0125;101;20141028160002;20141028160002
35394010;0;15997190003;0;0;0321;017;20141028160002;20141028160002
35376494;0;2126092836;0;0;0125;101;20141028160002;20141028160002
35409059;0;13988628885;0;0;0321;017;20141028160002;20141028160002
35407538;0;12982385898;0;0;0321;017;20141028160002;20141028160002
34015398;1;11998380028;;;;;;20141028160001
35397764;0;11998380028;0;0;0321;014;20141028160001;20141028160001
35064322;0;2122426102;0;0;0125;101;20141028160002;20141028160002
35476227;0;2130938313;0;0;0121;221;20141028160002;20141028160002
35338241;0;2127675879;0;0;0125;101;20141028160002;20141028160002
35064321;0;2122245603;0;0;0125;101;20141028160002;20141028160002
11698294;1;2124277597;;;;;;20141028160002
35290487;0;2124277597;0;0;0125;101;20141028160002;20141028160002
35259480;0;19999778277;0;0;0321;017;20141028160002;20141028160002
35388031;0;19997640067;0;0;0321;017;20141028160002;20141028160002
35449899;0;2126026502;0;0;0131;021;20141028160002;20141028160002
35408887;0;19997438933;0;0;0321;017;20141028160002;20141028160002
35410217;0;19996054091;0;0;0321;017;20141028160002;20141028160002
35086210;0;11998072677;0;0;0321;014;20141028160001;20141028160001
35389059;0;11973740019;0;0;0321;014;20141028160000;20141028160000
11568152;1;2124265236;;;;;;20141028160002
35252026;0;2124265236;0;0;0125;101;20141028160002;20141028160002
28912477;1;1939845198;;;;;;20141028160002
35478455;0;1939845198;0;0;0115;011;20141028160002;20141028160002
4658970;1;16999673189;;;;;;20141028160002
35390278;0;16999673189;0;0;0321;017;20141028160002;20141028160002
35324907;0;1639532760;2;0;0121;212;20141028160002;20141028160002
16040730;1;2125954145;;;;;;20141028160002
35392285;0;2125954145;0;0;0125;101;20141028160002;20141028160002
35177691;0;2125546082;0;0;0125;101;20141028160002;20141028160002
35408988;0;11941961800;0;0;0321;014;20141028160000;20141028160000
34385638;1;2125272824;;;;;;20141028160002
35261264;0;2125272824;0;0;0125;101;20141028160002;20141028160002
21625214;1;11989293767;;;;;;20141028160005
35064637;0;2127044267;0;0;0125;101;20141028160002;20141028160002
35104443;0;2126711042;0;0;0125;101;20141028160002;20141028160002
35320166;0;2132588092;0;0;0125;101;20141028160002;20141028160002
35393187;0;15996479009;0;0;0321;017;20141028160002;20141028160002
35407111;0;11999660510;0;0;0321;014;20141028160002;20141028160002
35293859;0;2124827051;0;0;0125;101;20141028160002;20141028160002
35450401;0;2132756434;0;0;0131;021;20141028160003;20141028160003
35137045;0;1143430066;2;0;0125;146;20141028160000;20141028160000
35389033;0;21988496874;0;0;0321;018;20141028160003;20141028160003
35305663;0;14981349869;0;0;0321;017;20141028160002;20141028160002
35408944;0;11998546999;0;0;0321;014;20141028160002;20141028160002
35264528;0;11984994158;0;0;0321;014;20141028160000;20141028160000
35340204;0;2136032119;0;0;0125;101;20141028160003;20141028160003
5546626;1;11984330229;;;;;;20141028160000
35400360;0;11984330229;0;0;0321;014;20141028160000;20141028160000
35409789;0;21988086434;0;0;0321;018;20141028160003;20141028160003
35400560;0;11982663295;0;0;0321;014;20141028160000;20141028160000
835892;1;2132772864;;;;;;20141028160003
35028139;0;2132772864;0;0;0125;101;20141028160003;20141028160003
35409087;0;11941400650;0;0;0321;014;20141028160000;20141028160000
23706803;1;2137627744;;;;;;20141028160003
35407651;0;2137627744;0;0;0125;101;20141028160003;20141028160003
35380403;0;1145812694;2;0;0112;143;20141028160000;20141028160000
35357741;0;2137413845;0;0;0125;101;20141028160003;20141028160003
35467661;0;1127726021;0;0;0121;212;20141028160000;20141028160000
35478469;0;1125780139;0;0;0115;013;20141028160000;20141028160000
35410287;0;2136738545;0;0;0125;101;20141028160003;20141028160003
24632422;1;11984724477;;;;;;20141028160000
35129594;0;11984724477;0;0;0321;014;20141028160000;20141028160000
24632435;1;11982299883;;;;;;20141028160000
35129593;0;11982299883;0;0;0321;014;20141028160000;20141028160000
34940126;0;21987307313;0;0;0321;018;20141028160003;20141028160003
35174468;0;21984597548;0;0;0321;018;20141028160003;20141028160003
35409751;0;21984146434;0;0;0321;018;20141028160003;20141028160003
35285610;0;21982184228;0;0;0321;018;20141028160003;20141028160003
35396441;0;21981291975;0;0;0321;018;20141028160003;20141028160003
35400656;0;11975686736;0;0;0321;014;20141028160000;20141028160000
35027173;0;2132973104;0;0;0125;101;20141028160003;20141028160003
35395870;0;21979651961;0;0;0321;018;20141028160003;20141028160003
35395869;0;21979290746;0;0;0321;018;20141028160003;20141028160003
5505860;1;21976285068;;;;;;20141028160006
34245494;1;21965667484;;;;;;20141028160003
35388146;0;21965667484;0;0;0321;018;20141028160003;20141028160003
22067952;1;2126273004;;;;;;20141028160002
35380791;0;2126273004;0;0;0125;101;20141028160002;20141028160002
35280783;0;21988954754;0;0;0321;018;20141028160004;20141028160004
35409026;0;21996382337;0;0;0351;824;20141028160004;20141028160004
35393152;0;21996021882;0;0;0321;018;20141028160004;20141028160004
35395084;0;2227487118;2;0;0121;221;20141028160004;20141028160004
35324872;0;1639531217;2;0;0121;212;20141028160002;20141028160002
35147731;0;2124529166;0;0;0125;101;20141028160002;20141028160002
35395209;0;21995405294;0;0;0321;018;20141028160004;20141028160004
35198899;0;2126954953;0;0;0125;101;20141028160002;20141028160002
35398911;0;21995254861;0;0;0321;018;20141028160004;20141028160004
35452217;0;2126261717;0;0;0131;021;20141028160002;20141028160002
33263400;1;21991984321;;;;;;20141028160004
35388817;0;21991984321;0;0;0321;018;20141028160004;20141028160004
35238833;1;2126108078;;;;;;20141028160006
5505844;1;21991583674;;;;;;20141028160006
35400580;0;11995807522;0;0;0321;014;20141028160001;20141028160001
35370055;0;1434531648;0;0;0102;922;20141028160002;20141028160002
35395072;0;2227487115;2;0;0121;221;20141028160004;20141028160004
35121010;0;13981657337;0;0;0321;017;20141028160002;20141028160002
35395066;0;2227487114;2;0;0121;221;20141028160004;20141028160004
35345026;0;2122849619;0;0;0125;101;20141028160002;20141028160002
35452218;0;2126036696;0;0;0131;021;20141028160002;20141028160002
35395043;0;2227487111;2;0;0121;221;20141028160004;20141028160004
35090330;0;2124365781;0;0;0125;101;20141028160002;20141028160002
35394949;0;2227487108;2;0;0121;221;20141028160004;20141028160004
35270749;0;19998235769;0;0;0321;017;20141028160002;20141028160002
35394941;0;2227487107;2;0;0121;221;20141028160004;20141028160004
35394926;0;2227487105;2;0;0121;221;20141028160004;20141028160004
35394893;0;2227487104;2;0;0121;221;20141028160004;20141028160004
35394877;0;2227487103;2;0;0121;221;20141028160004;20141028160004
35394862;0;19996049562;0;0;0321;017;20141028160002;20141028160002
35394872;0;2227487102;2;0;0121;221;20141028160004;20141028160004
35394861;0;19996044182;0;0;0321;017;20141028160002;20141028160002
35394869;0;2227487101;2;0;0121;221;20141028160004;20141028160004
35400179;0;19996035406;0;0;0321;017;20141028160002;20141028160002
22368357;1;19983295580;;;;;;20141028160002
35315463;0;19983295580;0;0;0321;017;20141028160002;20141028160002
35394351;0;17996493988;0;0;0321;017;20141028160002;20141028160002
35389546;0;16988193212;0;0;0321;017;20141028160002;20141028160002
35155111;0;21997889341;0;0;0321;018;20141028160004;20141028160004
35271275;0;21996043090;0;0;0321;018;20141028160004;20141028160004
35193836;0;2132263746;0;0;0125;101;20141028160002;20141028160002
35468968;0;1335766162;0;0;0115;011;20141028160002;20141028160002
35394958;0;2227487109;2;0;0121;221;20141028160004;20141028160004
21915456;1;1639751346;;;;;;20141028160002
35392662;0;1639751346;0;0;0125;100;20141028160002;20141028160002
35395115;0;2227487122;2;0;0121;221;20141028160004;20141028160004
35395350;0;2227487138;2;0;0121;221;20141028160004;20141028160004
35395169;0;2227487128;2;0;0121;221;20141028160004;20141028160004
35395140;0;2227487127;2;0;0121;221;20141028160004;20141028160004
35450947;0;2137110120;0;0;0131;021;20141028160003;20141028160003
35408987;0;21988387998;0;0;0321;018;20141028160003;20141028160003
35395306;0;2227487136;2;0;0121;221;20141028160004;20141028160004
35395130;0;2227487125;2;0;0121;221;20141028160004;20141028160004
35395282;0;2227487133;2;0;0121;221;20141028160004;20141028160004
35395102;0;2227487121;2;0;0121;221;20141028160004;20141028160004
35395100;0;2227487120;2;0;0121;221;20141028160004;20141028160004
35395499;0;2227487147;2;0;0121;221;20141028160004;20141028160004
34990233;0;21984229156;0;0;0321;018;20141028160003;20141028160003
35395493;0;2227487146;2;0;0121;221;20141028160004;20141028160004
35318929;0;2135973813;0;0;0125;101;20141028160003;20141028160003
33503364;1;21983913790;;;;;;20141028160003
35394702;0;21983913790;0;0;0321;018;20141028160003;20141028160003
35068691;0;21982999773;0;0;0321;018;20141028160003;20141028160003
35395487;0;2227487145;2;0;0121;221;20141028160004;20141028160004
35395478;0;2227487144;2;0;0121;221;20141028160004;20141028160004
32482423;1;21981042060;;;;;;20141028160003
35399754;0;21981042060;0;0;0321;018;20141028160003;20141028160003
35410252;0;21980994284;0;0;0321;018;20141028160003;20141028160003
35395431;0;2227487141;2;0;0121;221;20141028160004;20141028160004
25042693;1;21976983728;;;;;;20141028160007
35410105;0;21975176838;0;0;0351;824;20141028160003;20141028160003
35372381;0;21972113451;0;0;0351;824;20141028160003;20141028160003
35410377;0;21969850248;0;0;0321;018;20141028160003;20141028160003
33263396;1;21964408476;;;;;;20141028160003
35388816;0;21964408476;0;0;0321;018;20141028160003;20141028160003
34948754;1;2141254357;;;;;;20141028160003
35468185;0;2141254357;0;0;0123;202;20141028160003;20141028160003
30333504;1;2139089264;;;;;;20141028160003
35408114;0;2139089264;0;0;0125;101;20141028160003;20141028160003
35395185;0;2227487129;2;0;0121;221;20141028160004;20141028160004
35395263;0;2227487132;2;0;0121;221;20141028160004;20141028160004
35395505;0;2227487148;2;0;0121;221;20141028160004;20141028160004
35395476;0;2227487143;2;0;0121;221;20141028160004;20141028160004
35395439;0;2227487142;2;0;0121;221;20141028160004;20141028160004
35395402;0;2227487140;2;0;0121;221;20141028160004;20141028160004
35395223;0;2227487131;2;0;0121;221;20141028160004;20141028160004
35395364;0;2227487139;2;0;0121;221;20141028160004;20141028160004
35395082;0;2227487117;2;0;0121;221;20141028160004;20141028160004
16562017;1;2126080477;;;;;;20141028160002
35345771;0;2126080477;0;0;0125;101;20141028160002;20141028160002
35395510;0;2227487149;2;0;0121;221;20141028160005;20141028160005
14438200;1;2434212064;;;;;;20141028160005
35354452;0;2434212064;2;0;0121;221;20141028160005;20141028160005
35394931;0;2227487106;2;0;0121;221;20141028160004;20141028160004
35289516;0;2227347629;0;0;0125;101;20141028160004;20141028160004
35407265;0;21998574758;0;0;0321;018;20141028160004;20141028160004
14438186;1;2434212050;;;;;;20141028160005
35354348;0;2434212050;2;0;0121;221;20141028160005;20141028160005
34889791;0;21995923766;0;0;0321;018;20141028160004;20141028160004
35370188;0;22998383018;0;0;0351;824;20141028160005;20141028160005
14438209;1;2434212073;;;;;;20141028160005
35354501;0;2434212073;2;0;0121;221;20141028160005;20141028160005
35395074;0;2227487116;2;0;0121;221;20141028160004;20141028160004
14438221;1;2434212085;;;;;;20141028160005
35354649;0;2434212085;2;0;0121;221;20141028160005;20141028160005
14438205;1;2434212069;;;;;;20141028160005
35354479;0;2434212069;2;0;0121;221;20141028160005;20141028160005
35395093;0;2227487119;2;0;0121;221;20141028160004;20141028160004
35395061;0;2227487113;2;0;0121;221;20141028160004;20141028160004
35395539;0;11999372324;0;0;0321;014;20141028160002;20141028160002
35395049;0;2227487112;2;0;0121;221;20141028160004;20141028160004
35394976;0;2227487110;2;0;0121;221;20141028160004;20141028160004
14438194;1;2434212058;;;;;;20141028160005
35354419;0;2434212058;2;0;0121;221;20141028160005;20141028160005
14438192;1;2434212056;;;;;;20141028160005
35354409;0;2434212056;2;0;0121;221;20141028160005;20141028160005
35394866;0;2227487100;2;0;0121;221;20141028160004;20141028160004
24618240;1;21988585790;;;;;;20141028160004
35392193;0;21988585790;0;0;0321;018;20141028160004;20141028160004
35397442;0;17981150010;0;0;0321;017;20141028160002;20141028160002
35324915;0;1639535990;2;0;0121;212;20141028160002;20141028160002
32489408;1;21999992467;;;;;;20141028160004
35410461;0;21999992467;0;0;0321;018;20141028160004;20141028160004
35400155;0;21999565774;0;0;0321;018;20141028160004;20141028160004
14438187;1;2434212051;;;;;;20141028160005
35354358;0;2434212051;2;0;0121;221;20141028160005;20141028160005
29541474;1;2127673375;;;;;;20141028160002
35362336;0;2127673375;0;0;0125;101;20141028160002;20141028160002
14438226;1;2434212090;;;;;;20141028160005
35354695;0;2434212090;2;0;0121;221;20141028160005;20141028160005
14438216;1;2434212080;;;;;;20141028160005
35354610;0;2434212080;2;0;0121;221;20141028160005;20141028160005
14438215;1;2434212079;;;;;;20141028160005
35354606;0;2434212079;2;0;0121;221;20141028160005;20141028160005
14438214;1;2434212078;;;;;;20141028160005
35354596;0;2434212078;2;0;0121;221;20141028160005;20141028160005
14438212;1;2434212076;;;;;;20141028160005
35354565;0;2434212076;2;0;0121;221;20141028160005;20141028160005
14438225;1;2434212089;;;;;;20141028160005
35354690;0;2434212089;2;0;0121;221;20141028160005;20141028160005
14438232;1;2434212096;;;;;;20141028160006
35354759;0;2434212096;2;0;0121;221;20141028160006;20141028160006
35395135;0;2227487126;2;0;0121;221;20141028160004;20141028160004
14438231;1;2434212095;;;;;;20141028160006
35354755;0;2434212095;2;0;0121;221;20141028160006;20141028160006
14438229;1;2434212093;;;;;;20141028160006
35354736;0;2434212093;2;0;0121;221;20141028160006;20141028160006
14438228;1;2434212092;;;;;;20141028160006
35354731;0;2434212092;2;0;0121;221;20141028160006;20141028160006
14438227;1;2434212091;;;;;;20141028160005
35354711;0;2434212091;2;0;0121;221;20141028160005;20141028160005
14438224;1;2434212088;;;;;;20141028160005
35354673;0;2434212088;2;0;0121;221;20141028160005;20141028160005
28979523;1;3125573918;;;;;;20141028160009
35392516;0;21987048777;0;0;0321;018;20141028160003;20141028160003
14438223;1;2434212087;;;;;;20141028160005
35354665;0;2434212087;2;0;0121;221;20141028160005;20141028160005
35373593;0;2135860621;0;0;0125;101;20141028160003;20141028160003
35391352;0;3133394207;2;0;0121;232;20141028160006;20141028160006
35395871;0;21981071115;0;0;0321;018;20141028160003;20141028160003
14438190;1;2434212054;;;;;;20141028160005
35354376;0;2434212054;2;0;0121;221;20141028160005;20141028160005
14438188;1;2434212052;;;;;;20141028160005
35354363;0;2434212052;2;0;0121;221;20141028160005;20141028160005
14438217;1;2434212081;;;;;;20141028160005
35354615;0;2434212081;2;0;0121;221;20141028160005;20141028160005
14438234;1;2434212098;;;;;;20141028160006
35354777;0;2434212098;2;0;0121;221;20141028160006;20141028160006
35391360;0;3133394209;2;0;0121;232;20141028160006;20141028160006
14438233;1;2434212097;;;;;;20141028160006
35354770;0;2434212097;2;0;0121;221;20141028160006;20141028160006
35395333;0;2227487137;2;0;0121;221;20141028160004;20141028160004
14438230;1;2434212094;;;;;;20141028160006
35354746;0;2434212094;2;0;0121;221;20141028160006;20141028160006
35395122;0;2227487124;2;0;0121;221;20141028160004;20141028160004
14438204;1;2434212068;;;;;;20141028160005
35354475;0;2434212068;2;0;0121;221;20141028160005;20141028160005
35395120;0;2227487123;2;0;0121;221;20141028160004;20141028160004
35395287;0;2227487134;2;0;0121;221;20141028160004;20141028160004
35391344;0;3133394205;2;0;0121;232;20141028160006;20141028160006
14438201;1;2434212065;;;;;;20141028160005
35354459;0;2434212065;2;0;0121;221;20141028160005;20141028160005
35390491;0;27999803510;0;0;0321;019;20141028160006;20141028160006
35389681;0;27999558424;0;0;0321;019;20141028160006;20141028160006
35039832;0;27988049235;0;0;0321;019;20141028160006;20141028160006
14438199;1;2434212063;;;;;;20141028160005
35354446;0;2434212063;2;0;0121;221;20141028160005;20141028160005
14438196;1;2434212060;;;;;;20141028160005
35354431;0;2434212060;2;0;0121;221;20141028160005;20141028160005
14935417;1;2733198995;;;;;;20141028160006
35394937;0;2733198995;2;0;0121;227;20141028160006;20141028160006
29541112;1;2730242830;;;;;;20141028160009
14438191;1;2434212055;;;;;;20141028160005
35354405;0;2434212055;2;0;0121;221;20141028160005;20141028160005
35391337;0;3133394202;2;0;0121;232;20141028160006;20141028160006
35393051;0;24999551313;0;0;0321;018;20141028160006;20141028160006
14438235;1;2434212099;;;;;;20141028160006
35354784;0;2434212099;2;0;0121;221;20141028160006;20141028160006
35395200;0;2227487130;2;0;0121;221;20141028160004;20141028160004
35391404;0;3133394216;2;0;0121;232;20141028160006;20141028160006
35391473;0;3133394232;2;0;0121;232;20141028160006;20141028160006
14438206;1;2434212070;;;;;;20141028160005
35354486;0;2434212070;2;0;0121;221;20141028160005;20141028160005
35391459;0;3133394229;2;0;0121;232;20141028160006;20141028160006
14438203;1;2434212067;;;;;;20141028160005
35354471;0;2434212067;2;0;0121;221;20141028160005;20141028160005
35391447;0;3133394226;2;0;0121;232;20141028160006;20141028160006
14438202;1;2434212066;;;;;;20141028160005
35354467;0;2434212066;2;0;0121;221;20141028160005;20141028160005
35391379;0;3133394213;2;0;0121;232;20141028160006;20141028160006
14438193;1;2434212057;;;;;;20141028160005
35354415;0;2434212057;2;0;0121;221;20141028160005;20141028160005
35391431;0;3133394222;2;0;0121;232;20141028160006;20141028160006
14438189;1;2434212053;;;;;;20141028160005
35354367;0;2434212053;2;0;0121;221;20141028160005;20141028160005
14438218;1;2434212082;;;;;;20141028160005
35354631;0;2434212082;2;0;0121;221;20141028160005;20141028160005
35391424;0;3133394220;2;0;0121;232;20141028160006;20141028160006
35391420;0;3133394219;2;0;0121;232;20141028160006;20141028160006
35391510;0;3133394236;2;0;0121;232;20141028160006;20141028160006
14438211;1;2434212075;;;;;;20141028160005
35354550;0;2434212075;2;0;0121;221;20141028160005;20141028160005
14438210;1;2434212074;;;;;;20141028160005
35354524;0;2434212074;2;0;0121;221;20141028160005;20141028160005
35391519;0;3133394238;2;0;0121;232;20141028160006;20141028160006
35391517;0;3133394237;2;0;0121;232;20141028160006;20141028160006
35391476;0;3133394234;2;0;0121;232;20141028160006;20141028160006
35391457;0;3133394228;2;0;0121;232;20141028160006;20141028160006
35391451;0;3133394227;2;0;0121;232;20141028160006;20141028160006
14438197;1;2434212061;;;;;;20141028160005
35354436;0;2434212061;2;0;0121;221;20141028160005;20141028160005
35391443;0;3133394225;2;0;0121;232;20141028160006;20141028160006
35391505;0;3133394235;2;0;0121;232;20141028160006;20141028160006
35391439;0;3133394224;2;0;0121;232;20141028160006;20141028160006
35391428;0;3133394221;2;0;0121;232;20141028160006;20141028160006
35391416;0;3133394218;2;0;0121;232;20141028160006;20141028160006
35391366;0;3133394210;2;0;0121;232;20141028160006;20141028160006
35391532;0;3133394242;2;0;0121;232;20141028160007;20141028160007
35395293;0;2227487135;2;0;0121;221;20141028160004;20141028160004
35454293;0;3133340341;0;0;0131;031;20141028160006;20141028160006
35451206;0;3132877122;0;0;0131;031;20141028160006;20141028160006
35391348;0;3133394206;2;0;0121;232;20141028160006;20141028160006
30577324;0;24981158986;0;0;0320;020;20141028160006;20141028160006
35391705;0;3133394280;2;0;0121;232;20141028160007;20141028160007
14438213;1;2434212077;;;;;;20141028160005
35354583;0;2434212077;2;0;0121;221;20141028160005;20141028160005
35391714;0;3133394283;2;0;0121;232;20141028160007;20141028160007
35391525;0;3133394239;2;0;0121;232;20141028160007;20141028160007
35391689;0;3133394275;2;0;0121;232;20141028160007;20141028160007
35391608;0;3133394256;2;0;0121;232;20141028160007;20141028160007
14438207;1;2434212071;;;;;;20141028160005
35354492;0;2434212071;2;0;0121;221;20141028160005;20141028160005
35391686;0;3133394274;2;0;0121;232;20141028160007;20141028160007
35391720;0;3133394286;2;0;0121;232;20141028160007;20141028160007
35391681;0;3133394273;2;0;0121;232;20141028160007;20141028160007
35391662;0;3133394272;2;0;0121;232;20141028160007;20141028160007
35391659;0;3133394271;2;0;0121;232;20141028160007;20141028160007
14438220;1;2434212084;;;;;;20141028160005
35354642;0;2434212084;2;0;0121;221;20141028160005;20141028160005
35391573;0;3133394250;2;0;0121;232;20141028160007;20141028160007
35391655;0;3133394270;2;0;0121;232;20141028160007;20141028160007
35391341;0;3133394204;2;0;0121;232;20141028160006;20141028160006
35391654;0;3133394269;2;0;0121;232;20141028160007;20141028160007
35391562;0;3133394248;2;0;0121;232;20141028160007;20141028160007
35391652;0;3133394268;2;0;0121;232;20141028160007;20141028160007
14438219;1;2434212083;;;;;;20141028160005
35354637;0;2434212083;2;0;0121;221;20141028160005;20141028160005
35391650;0;3133394267;2;0;0121;232;20141028160007;20141028160007
35390104;0;27998369397;0;0;0321;019;20141028160006;20141028160006
35039833;0;27988781813;0;0;0321;019;20141028160006;20141028160006
35391717;0;3133394284;2;0;0121;232;20141028160007;20141028160007
32082597;1;2733912212;;;;;;20141028160006
35394954;0;2733912212;2;0;0121;227;20141028160006;20141028160006
14438198;1;2434212062;;;;;;20141028160005
35354438;0;2434212062;2;0;0121;221;20141028160005;20141028160005
35391701;0;3133394279;2;0;0121;232;20141028160007;20141028160007
35391338;0;3133394203;2;0;0121;232;20141028160006;20141028160006
35391638;0;3133394265;2;0;0121;232;20141028160007;20141028160007
35391631;0;3133394264;2;0;0121;232;20141028160007;20141028160007
35391357;0;3133394208;2;0;0121;232;20141028160006;20141028160006
35391629;0;3133394263;2;0;0121;232;20141028160007;20141028160007
35386376;0;24999651940;0;0;0321;018;20141028160006;20141028160006
35391616;0;3133394260;2;0;0121;232;20141028160007;20141028160007
35398109;0;24998522126;0;0;0321;018;20141028160006;20141028160006
35391333;0;3133394200;2;0;0121;232;20141028160006;20141028160006
35391553;0;3133394245;2;0;0121;232;20141028160007;20141028160007
35391614;0;3133394259;2;0;0121;232;20141028160007;20141028160007
14438222;1;2434212086;;;;;;20141028160005
35354658;0;2434212086;2;0;0121;221;20141028160005;20141028160005
35391610;0;3133394258;2;0;0121;232;20141028160007;20141028160007
35391551;0;3133394244;2;0;0121;232;20141028160007;20141028160007
35391546;0;3133394243;2;0;0121;232;20141028160007;20141028160007
35391609;0;3133394257;2;0;0121;232;20141028160007;20141028160007
35391411;0;3133394217;2;0;0121;232;20141028160006;20141028160006
35389870;0;3299113746;0;0;0321;430;20141028160008;20141028160008
35451321;0;3135997579;0;0;0131;031;20141028160007;20141028160007
35391732;0;3133394289;2;0;0121;232;20141028160007;20141028160007
35391469;0;3133394231;2;0;0121;232;20141028160006;20141028160006
35391463;0;3133394230;2;0;0121;232;20141028160006;20141028160006
35391725;0;3133394288;2;0;0121;232;20141028160007;20141028160007
35391723;0;3133394287;2;0;0121;232;20141028160007;20141028160007
35391755;0;3133394297;2;0;0121;232;20141028160007;20141028160007
35391751;0;3133394296;2;0;0121;232;20141028160007;20141028160007
14438195;1;2434212059;;;;;;20141028160005
35354424;0;2434212059;2;0;0121;221;20141028160005;20141028160005
35391475;0;3133394233;2;0;0121;232;20141028160006;20141028160006
26975031;1;3187862155;;;;;;20141028160007
35354106;0;3187862155;0;0;0341;076;20141028160007;20141028160007
35024757;0;3187683000;0;0;0321;430;20141028160007;20141028160007
35391434;0;3133394223;2;0;0121;232;20141028160006;20141028160006
35391744;0;3133394294;2;0;0121;232;20141028160007;20141028160007
35391376;0;3133394212;2;0;0121;232;20141028160006;20141028160006
35391738;0;3133394292;2;0;0121;232;20141028160007;20141028160007
35391736;0;3133394291;2;0;0121;232;20141028160007;20141028160007
35407605;0;3187512661;0;0;0321;430;20141028160007;20141028160007
35391372;0;3133394211;2;0;0121;232;20141028160006;20141028160006
35175086;0;3185970005;0;0;0321;430;20141028160007;20141028160007
25858309;1;3185745191;;;;;;20141028160007
35408138;0;3185745191;0;0;0321;430;20141028160007;20141028160007
35399830;0;3193086615;0;0;0321;430;20141028160008;20141028160008
35391745;0;3133394295;2;0;0121;232;20141028160007;20141028160007
35391842;0;3488714580;0;0;0321;430;20141028160008;20141028160008
35391692;0;3133394276;2;0;0121;232;20141028160007;20141028160007
35391527;0;3133394240;2;0;0121;232;20141028160007;20141028160007
35391113;0;3532993354;2;0;0121;232;20141028160008;20141028160008
35391229;0;3532993382;2;0;0121;232;20141028160008;20141028160008
35391109;0;3532993353;2;0;0121;232;20141028160008;20141028160008
35391718;0;3133394285;2;0;0121;232;20141028160007;20141028160007
35391607;0;3133394255;2;0;0121;232;20141028160007;20141028160007
14438208;1;2434212072;;;;;;20141028160005
35354495;0;2434212072;2;0;0121;221;20141028160005;20141028160005
35391106;0;3532993351;2;0;0121;232;20141028160008;20141028160008
35391583;0;3133394253;2;0;0121;232;20141028160007;20141028160007
35397668;0;3496413128;0;0;0321;430;20141028160008;20141028160008
35190389;0;3491681211;0;0;0323;030;20141028160008;20141028160008
35391581;0;3133394252;2;0;0121;232;20141028160007;20141028160007
35391238;0;3532993386;2;0;0121;232;20141028160008;20141028160008
35391187;0;3532993376;2;0;0121;232;20141028160008;20141028160008
35391183;0;3532993374;2;0;0121;232;20141028160008;20141028160008
35391699;0;3133394278;2;0;0121;232;20141028160007;20141028160007
35391180;0;3532993373;2;0;0121;232;20141028160008;20141028160008
35391154;0;3532993369;2;0;0121;232;20141028160008;20141028160008
35391147;0;3532993367;2;0;0121;232;20141028160008;20141028160008
35391142;0;3532993366;2;0;0121;232;20141028160008;20141028160008
35391558;0;3133394247;2;0;0121;232;20141028160007;20141028160007
35391230;0;3532993383;2;0;0121;232;20141028160008;20141028160008
35391213;0;3532993379;2;0;0121;232;20141028160008;20141028160008
35391225;0;3532993381;2;0;0121;232;20141028160008;20141028160008
35391556;0;3133394246;2;0;0121;232;20141028160007;20141028160007
35391335;0;3133394201;2;0;0121;232;20141028160006;20141028160006
35391619;0;3133394261;2;0;0121;232;20141028160007;20141028160007
35391128;0;3532993360;2;0;0121;232;20141028160008;20141028160008
35391125;0;3532993359;2;0;0121;232;20141028160008;20141028160008
35391121;0;3532993358;2;0;0121;232;20141028160008;20141028160008
35391120;0;3532993357;2;0;0121;232;20141028160008;20141028160008
35391117;0;3532993356;2;0;0121;232;20141028160008;20141028160008
35391115;0;3532993355;2;0;0121;232;20141028160008;20141028160008
35391711;0;3133394282;2;0;0121;232;20141028160007;20141028160007
35391160;0;3532993371;2;0;0121;232;20141028160008;20141028160008
35391157;0;3532993370;2;0;0121;232;20141028160008;20141028160008
35391626;0;3133394262;2;0;0121;232;20141028160007;20141028160007
35391132;0;3532993361;2;0;0121;232;20141028160008;20141028160008
35391389;0;3133394214;2;0;0121;232;20141028160006;20141028160006
35391733;0;3133394290;2;0;0121;232;20141028160007;20141028160007
35391400;0;3133394215;2;0;0121;232;20141028160006;20141028160006
35391241;0;3532993388;2;0;0121;232;20141028160009;20141028160009
26319909;1;3133610308;;;;;;20141028160007
35390709;0;3133610308;0;0;0125;102;20141028160007;20141028160007
35398750;0;3591422201;0;0;0321;430;20141028160009;20141028160009
35395872;0;3892179383;0;0;0321;430;20141028160009;20141028160009
35222138;0;3135952842;0;0;0125;102;20141028160007;20141028160007
35408783;0;3196870439;0;0;0321;430;20141028160008;20141028160008
35351333;0;4130379700;2;0;0143;541;20141028160009;20141028160009
35107254;0;3196013676;0;0;0321;430;20141028160008;20141028160008
35022185;0;3135325201;0;0;0125;102;20141028160007;20141028160007
29831147;1;4130352473;;;;;;20141028160012
35391762;0;3133394299;2;0;0121;232;20141028160007;20141028160007
19958897;1;3191086571;;;;;;20141028160007
35024760;0;3191086571;0;0;0321;430;20141028160007;20141028160007
35407360;0;3188457495;0;0;0321;430;20141028160007;20141028160007
35398173;0;3588899000;0;0;0321;430;20141028160009;20141028160009
35391277;0;3532993399;2;0;0121;232;20141028160009;20141028160009
35391742;0;3133394293;2;0;0121;232;20141028160007;20141028160007
35396536;0;3192210919;0;0;0321;430;20141028160007;20141028160007
35391254;0;3532993392;2;0;0121;232;20141028160009;20141028160009
35401180;0;3199671683;0;0;0321;430;20141028160008;20141028160008
35306868;0;3194311605;0;0;0321;430;20141028160008;20141028160008
35391243;0;3532993389;2;0;0121;232;20141028160009;20141028160009
35392158;0;3791759449;0;0;0321;430;20141028160009;20141028160009
35391274;0;3532993397;2;0;0121;232;20141028160009;20141028160009
35391270;0;3532993396;2;0;0121;232;20141028160009;20141028160009
35391529;0;3133394241;2;0;0121;232;20141028160007;20141028160007
35391104;0;3532993350;2;0;0121;232;20141028160008;20141028160008
35388191;0;3299895430;0;0;0321;430;20141028160008;20141028160008
35391603;0;3133394254;2;0;0121;232;20141028160007;20141028160007
35391708;0;3133394281;2;0;0121;232;20141028160007;20141028160007
35391240;0;3532993387;2;0;0121;232;20141028160008;20141028160008
35391197;0;3532993377;2;0;0121;232;20141028160008;20141028160008
35391186;0;3532993375;2;0;0121;232;20141028160008;20141028160008
35391574;0;3133394251;2;0;0121;232;20141028160007;20141028160007
35351334;0;4130379701;2;0;0143;541;20141028160010;20141028160010
35391570;0;3133394249;2;0;0121;232;20141028160007;20141028160007
35391643;0;3133394266;2;0;0121;232;20141028160007;20141028160007
35391140;0;3532993365;2;0;0121;232;20141028160008;20141028160008
35391138;0;3532993364;2;0;0121;232;20141028160008;20141028160008
35391137;0;3532993363;2;0;0121;232;20141028160008;20141028160008
35391135;0;3532993362;2;0;0121;232;20141028160008;20141028160008
35391208;0;3532993378;2;0;0121;232;20141028160008;20141028160008
35391236;0;3532993385;2;0;0121;232;20141028160008;20141028160008
35391148;0;3532993368;2;0;0121;232;20141028160008;20141028160008
35391694;0;3133394277;2;0;0121;232;20141028160007;20141028160007
35400261;0;3196361031;0;0;0321;430;20141028160008;20141028160008
35024758;0;3188671931;0;0;0321;430;20141028160007;20141028160007
35351339;0;4130379706;2;0;0143;541;20141028160010;20141028160010
35391760;0;3133394298;2;0;0121;232;20141028160007;20141028160007
35351352;0;4130379719;2;0;0143;541;20141028160010;20141028160010
35391245;0;3532993390;2;0;0121;232;20141028160009;20141028160009
35351344;0;4130379711;2;0;0143;541;20141028160010;20141028160010
35351342;0;4130379709;2;0;0143;541;20141028160010;20141028160010
35351337;0;4130379704;2;0;0143;541;20141028160010;20141028160010
35024759;0;3188672611;0;0;0321;430;20141028160007;20141028160007
35397974;0;3588827777;0;0;0321;430;20141028160009;20141028160009
35389556;0;3588146487;0;0;0321;430;20141028160009;20141028160009
35351351;0;4130379718;2;0;0143;541;20141028160010;20141028160010
35391261;0;3532993394;2;0;0121;232;20141028160009;20141028160009
35391257;0;3532993393;2;0;0121;232;20141028160009;20141028160009
35351350;0;4130379717;2;0;0143;541;20141028160010;20141028160010
35351349;0;4130379716;2;0;0143;541;20141028160010;20141028160010
34720146;0;4535216332;2;0;0125;141;20141028160010;20141028160010
34720142;0;4535216328;2;0;0125;141;20141028160010;20141028160010
35392924;0;4195851894;0;0;0321;441;20141028160010;20141028160010
15851432;1;4136630419;;;;;;20141028160010
35351418;0;4136630419;2;0;0143;541;20141028160010;20141028160010
35351340;0;4130379707;2;0;0143;541;20141028160010;20141028160010
35351380;0;4130379747;2;0;0143;541;20141028160010;20141028160010
34720135;0;4535216321;2;0;0125;141;20141028160010;20141028160010
35351358;0;4130379725;2;0;0143;541;20141028160010;20141028160010
35351377;0;4130379744;2;0;0143;541;20141028160010;20141028160010
34720116;0;4535216302;2;0;0125;141;20141028160010;20141028160010
35351362;0;4130379729;2;0;0143;541;20141028160010;20141028160010
35351354;0;4130379721;2;0;0143;541;20141028160010;20141028160010
35407896;0;4533222121;0;0;0125;141;20141028160010;20141028160010
35351347;0;4130379714;2;0;0143;541;20141028160010;20141028160010
35391234;0;3532993384;2;0;0121;232;20141028160008;20141028160008
34720120;0;4535216306;2;0;0125;141;20141028160010;20141028160010
35351366;0;4130379733;2;0;0143;541;20141028160010;20141028160010
34720145;0;4535216331;2;0;0125;141;20141028160010;20141028160010
35391108;0;3532993352;2;0;0121;232;20141028160008;20141028160008
34720117;0;4535216303;2;0;0125;141;20141028160010;20141028160010
34720141;0;4535216327;2;0;0125;141;20141028160010;20141028160010
35351341;0;4130379708;2;0;0143;541;20141028160010;20141028160010
34720119;0;4535216305;2;0;0125;141;20141028160010;20141028160010
28087742;1;4430167300;;;;;;20141028160014
34720137;0;4535216323;2;0;0125;141;20141028160010;20141028160010
34720140;0;4535216326;2;0;0125;141;20141028160010;20141028160010
34940204;0;4399956886;0;0;0321;441;20141028160010;20141028160010
35351373;0;4130379740;2;0;0143;541;20141028160010;20141028160010
35391172;0;3532993372;2;0;0121;232;20141028160008;20141028160008
34720133;0;4535216319;2;0;0125;141;20141028160010;20141028160010
34720139;0;4535216325;2;0;0125;141;20141028160010;20141028160010
35351357;0;4130379724;2;0;0143;541;20141028160010;20141028160010
35391219;0;3532993380;2;0;0121;232;20141028160008;20141028160008
34720131;0;4535216317;2;0;0125;141;20141028160010;20141028160010
34720143;0;4535216329;2;0;0125;141;20141028160010;20141028160010
35389003;0;4335244444;0;0;0143;541;20141028160010;20141028160010
34720130;0;4535216316;2;0;0125;141;20141028160010;20141028160010
35351370;0;4130379737;2;0;0143;541;20141028160010;20141028160010
34720115;0;4535216301;2;0;0125;141;20141028160010;20141028160010
35351379;0;4130379746;2;0;0143;541;20141028160010;20141028160010
35389050;0;4335230160;0;0;0143;541;20141028160010;20141028160010
35351375;0;4130379742;2;0;0143;541;20141028160010;20141028160010
34720147;0;4535216333;2;0;0125;141;20141028160010;20141028160010
35351355;0;4130379722;2;0;0143;541;20141028160010;20141028160010
35351374;0;4130379741;2;0;0143;541;20141028160010;20141028160010
34720127;0;4535216313;2;0;0125;141;20141028160010;20141028160010
35351361;0;4130379728;2;0;0143;541;20141028160010;20141028160010
34720114;0;4535216300;2;0;0125;141;20141028160010;20141028160010
34720122;0;4535216308;2;0;0125;141;20141028160010;20141028160010
34720118;0;4535216304;2;0;0125;141;20141028160010;20141028160010
35351336;0;4130379703;2;0;0143;541;20141028160010;20141028160010
35391248;0;3532993391;2;0;0121;232;20141028160009;20141028160009
35351343;0;4130379710;2;0;0143;541;20141028160010;20141028160010
35351367;0;4130379734;2;0;0143;541;20141028160010;20141028160010
35351363;0;4130379730;2;0;0143;541;20141028160010;20141028160010
35351365;0;4130379732;2;0;0143;541;20141028160010;20141028160010
35391265;0;3532993395;2;0;0121;232;20141028160009;20141028160009
34720158;0;4535216344;2;0;0125;141;20141028160011;20141028160011
35351348;0;4130379715;2;0;0143;541;20141028160010;20141028160010
35351371;0;4130379738;2;0;0143;541;20141028160010;20141028160010
35351345;0;4130379712;2;0;0143;541;20141028160010;20141028160010
35351338;0;4130379705;2;0;0143;541;20141028160010;20141028160010
35351335;0;4130379702;2;0;0143;541;20141028160010;20141028160010
35351360;0;4130379727;2;0;0143;541;20141028160010;20141028160010
35351368;0;4130379735;2;0;0143;541;20141028160010;20141028160010
35391275;0;3532993398;2;0;0121;232;20141028160009;20141028160009
34720150;0;4535216336;2;0;0125;141;20141028160011;20141028160011
34720153;0;4535216339;2;0;0125;141;20141028160011;20141028160011
34720159;0;4535216345;2;0;0125;141;20141028160011;20141028160011
34720155;0;4535216341;2;0;0125;141;20141028160011;20141028160011
34720152;0;4535216338;2;0;0125;141;20141028160011;20141028160011
34720154;0;4535216340;2;0;0125;141;20141028160011;20141028160011
34720157;0;4535216343;2;0;0125;141;20141028160011;20141028160011
34913929;0;4196418513;2;0;0321;441;20141028160010;20141028160010
34720136;0;4535216322;2;0;0125;141;20141028160010;20141028160010
34720123;0;4535216309;2;0;0125;141;20141028160010;20141028160010
35351381;0;4130379748;2;0;0143;541;20141028160010;20141028160010
35351346;0;4130379713;2;0;0143;541;20141028160010;20141028160010
34720124;0;4535216310;2;0;0125;141;20141028160010;20141028160010
34720125;0;4535216311;2;0;0125;141;20141028160010;20141028160010
34720138;0;4535216324;2;0;0125;141;20141028160010;20141028160010
28087810;1;4430167301;;;;;;20141028160015
34720144;0;4535216330;2;0;0125;141;20141028160010;20141028160010
35161433;0;4132069121;0;0;0125;141;20141028160010;20141028160010
34720148;0;4535216334;2;0;0125;141;20141028160010;20141028160010
34720134;0;4535216320;2;0;0125;141;20141028160010;20141028160010
35352271;0;4132063195;0;0;0125;141;20141028160010;20141028160010
35351382;0;4130379749;2;0;0143;541;20141028160010;20141028160010
35351364;0;4130379731;2;0;0143;541;20141028160010;20141028160010
35351369;0;4130379736;2;0;0143;541;20141028160010;20141028160010
35351356;0;4130379723;2;0;0143;541;20141028160010;20141028160010
34720132;0;4535216318;2;0;0125;141;20141028160010;20141028160010
35390436;0;4335347664;0;0;0143;541;20141028160010;20141028160010
35351378;0;4130379745;2;0;0143;541;20141028160010;20141028160010
34720129;0;4535216315;2;0;0125;141;20141028160010;20141028160010
34720128;0;4535216314;2;0;0125;141;20141028160010;20141028160010
35351353;0;4130379720;2;0;0143;541;20141028160010;20141028160010
35351372;0;4130379739;2;0;0143;541;20141028160010;20141028160010
35361562;0;4232324351;0;0;0143;541;20141028160010;20141028160010
35351376;0;4130379743;2;0;0143;541;20141028160010;20141028160010
34720149;0;4535216335;2;0;0125;141;20141028160011;20141028160011
35351359;0;4130379726;2;0;0143;541;20141028160010;20141028160010
34720151;0;4535216337;2;0;0125;141;20141028160011;20141028160011
34720156;0;4535216342;2;0;0125;141;20141028160011;20141028160011
35215308;0;4499726321;0;0;0321;441;20141028160010;20141028160010
34720126;0;4535216312;2;0;0125;141;20141028160010;20141028160010
34720121;0;4535216307;2;0;0125;141;20141028160010;20141028160010
34720161;0;4535216347;2;0;0125;141;20141028160012;20141028160012
35212783;0;4733321433;0;0;0125;147;20141028160012;20141028160012
34720160;0;4535216346;2;0;0125;141;20141028160012;20141028160012
35392021;0;4598264113;0;0;0321;441;20141028160012;20141028160012
29079933;1;4730266481;;;;;;20141028160012
35385301;0;4730266481;0;0;0114;047;20141028160012;20141028160012
34524015;0;4733336250;0;0;0125;147;20141028160012;20141028160012
35400326;0;4784551559;0;0;0321;447;20141028160012;20141028160012
35288886;0;4834346309;2;0;0121;247;20141028160012;20141028160012
34720163;0;4535216349;2;0;0125;141;20141028160012;20141028160012
35388286;0;4833659627;0;0;0125;147;20141028160012;20141028160012
34720162;0;4535216348;2;0;0125;141;20141028160012;20141028160012
35289027;0;4834346325;2;0;0121;247;20141028160012;20141028160012
32478325;1;4796122040;;;;;;20141028160012
35273664;0;4796122040;0;0;0321;447;20141028160012;20141028160012
35288902;0;4834346311;2;0;0121;247;20141028160012;20141028160012
35410234;0;4791831850;0;0;0321;447;20141028160012;20141028160012
35288870;0;4834346307;2;0;0121;247;20141028160012;20141028160012
35288835;0;4834346300;2;0;0121;247;20141028160012;20141028160012
31288576;1;4830931936;;;;;;20141028160016
35391130;0;4733949197;0;0;0125;147;20141028160012;20141028160012
35289014;0;4834346322;2;0;0121;247;20141028160012;20141028160012
35289021;0;4834346324;2;0;0121;247;20141028160012;20141028160012
35289079;0;4834346334;2;0;0121;247;20141028160012;20141028160012
35288861;0;4834346305;2;0;0121;247;20141028160012;20141028160012
35288854;0;4834346304;2;0;0121;247;20141028160012;20141028160012
35289045;0;4834346327;2;0;0121;247;20141028160012;20141028160012
35288979;0;4834346318;2;0;0121;247;20141028160012;20141028160012
35288880;0;4834346308;2;0;0121;247;20141028160012;20141028160012
35288942;0;4834346317;2;0;0121;247;20141028160012;20141028160012
35289192;0;4834346347;2;0;0121;247;20141028160012;20141028160012
35288927;0;4834346315;2;0;0121;247;20141028160012;20141028160012
35289004;0;4834346321;2;0;0121;247;20141028160012;20141028160012
35288922;0;4834346314;2;0;0121;247;20141028160012;20141028160012
35289204;0;4834346349;2;0;0121;247;20141028160012;20141028160012
35289081;0;4834346335;2;0;0121;247;20141028160012;20141028160012
35289319;0;4834346375;2;0;0121;247;20141028160012;20141028160012
35289105;0;4834346339;2;0;0121;247;20141028160012;20141028160012
35289292;0;4834346365;2;0;0121;247;20141028160012;20141028160012
34959714;0;5134843156;0;0;0125;151;20141028160013;20141028160013
35289265;0;4834346358;2;0;0121;247;20141028160012;20141028160012
35289263;0;4834346357;2;0;0121;247;20141028160012;20141028160012
35289087;0;4834346336;2;0;0121;247;20141028160012;20141028160012
35289332;0;4834346381;2;0;0121;247;20141028160012;20141028160012
22493760;1;5134973601;;;;;;20141028160017
35389019;0;4899413524;0;0;0321;447;20141028160013;20141028160013
35289331;0;4834346380;2;0;0121;247;20141028160012;20141028160012
35289256;0;4834346356;2;0;0121;247;20141028160012;20141028160012
35289032;0;4834346326;2;0;0121;247;20141028160012;20141028160012
35289379;0;4834346395;2;0;0121;247;20141028160012;20141028160012
35289186;0;4834346346;2;0;0121;247;20141028160012;20141028160012
35289203;0;4834346348;2;0;0121;247;20141028160012;20141028160012
35289126;0;4834346344;2;0;0121;247;20141028160012;20141028160012
35288915;0;4834346313;2;0;0121;247;20141028160012;20141028160012
35289362;0;4834346388;2;0;0121;247;20141028160012;20141028160012
35373701;0;4933228822;0;0;0125;147;20141028160013;20141028160013
35289017;0;4834346323;2;0;0121;247;20141028160012;20141028160012
35289303;0;4834346369;2;0;0121;247;20141028160012;20141028160012
35289302;0;4834346368;2;0;0121;247;20141028160012;20141028160012
35289363;0;4834346390;2;0;0121;247;20141028160012;20141028160012
35289248;0;4834346354;2;0;0121;247;20141028160012;20141028160012
35289390;0;4834346398;2;0;0121;247;20141028160012;20141028160012
35289377;0;4834346394;2;0;0121;247;20141028160012;20141028160012
35289066;0;4834346331;2;0;0121;247;20141028160012;20141028160012
35289298;0;4834346367;2;0;0121;247;20141028160012;20141028160012
35289351;0;4834346385;2;0;0121;247;20141028160012;20141028160012
35288997;0;4834346320;2;0;0121;247;20141028160012;20141028160012
35289288;0;4834346364;2;0;0121;247;20141028160012;20141028160012
35289376;0;4834346393;2;0;0121;247;20141028160012;20141028160012
35289098;0;4834346338;2;0;0121;247;20141028160012;20141028160012
35289315;0;4834346374;2;0;0121;247;20141028160012;20141028160012
35289336;0;4834346382;2;0;0121;247;20141028160012;20141028160012
35289244;0;4834346353;2;0;0121;247;20141028160012;20141028160012
35288908;0;4834346312;2;0;0121;247;20141028160012;20141028160012
35289283;0;4834346362;2;0;0121;247;20141028160012;20141028160012
35406221;0;5181650164;0;0;0321;006;20141028160013;20141028160013
35388751;0;4836262696;0;0;0188;764;20141028160012;20141028160012
35289326;0;4834346378;2;0;0121;247;20141028160012;20141028160012
35288895;0;4834346310;2;0;0121;247;20141028160012;20141028160012
35289270;0;4834346360;2;0;0121;247;20141028160012;20141028160012
35289057;0;4834346330;2;0;0121;247;20141028160012;20141028160012
35289268;0;4834346359;2;0;0121;247;20141028160012;20141028160012
35289388;0;4834346396;2;0;0121;247;20141028160012;20141028160012
35289051;0;4834346328;2;0;0121;247;20141028160012;20141028160012
35289124;0;4834346343;2;0;0121;247;20141028160012;20141028160012
25733257;1;4734672057;;;;;;20141028160012
35165674;0;4734672057;0;0;0125;147;20141028160012;20141028160012
35289116;0;4834346342;2;0;0121;247;20141028160012;20141028160012
35289184;0;4834346345;2;0;0121;247;20141028160012;20141028160012
35289209;0;4834346350;2;0;0121;247;20141028160012;20141028160012
35410048;0;5182194029;0;0;0321;006;20141028160013;20141028160013
35289311;0;4834346372;2;0;0121;247;20141028160012;20141028160012
35288844;0;4834346302;2;0;0121;247;20141028160012;20141028160012
35288841;0;4834346301;2;0;0121;247;20141028160012;20141028160012
35408977;0;4891193376;0;0;0321;447;20141028160013;20141028160013
35289117;0;4834346341;2;0;0121;247;20141028160012;20141028160012
35387463;0;5182960543;0;0;0321;006;20141028160013;20141028160013
35410142;0;5182241473;0;0;0321;006;20141028160013;20141028160013
35392396;0;5184338959;0;0;0321;006;20141028160013;20141028160013
35288864;0;4834346306;2;0;0121;247;20141028160012;20141028160012
35393120;0;5197551630;0;0;0321;006;20141028160013;20141028160013
35289071;0;4834346332;2;0;0121;247;20141028160012;20141028160012
35399451;0;4796046972;0;0;0321;447;20141028160012;20141028160012
35277079;0;5199810918;0;0;0321;006;20141028160013;20141028160013
35394485;0;5199968439;0;0;0321;006;20141028160013;20141028160013
19147531;1;5185179981;;;;;;20141028160013
35309955;0;5185179981;0;0;0321;006;20141028160013;20141028160013
35407630;0;4733492628;0;0;0125;147;20141028160012;20141028160012
35398271;0;5196700585;0;0;0321;006;20141028160013;20141028160013
35389342;0;5185075452;0;0;0321;006;20141028160013;20141028160013
34847046;0;5185067721;0;0;0321;006;20141028160013;20141028160013
33272871;1;4936641777;;;;;;20141028160018
35289253;0;4834346355;2;0;0121;247;20141028160012;20141028160012
5831947;1;5133744701;;;;;;20141028160013
35314294;0;5133744701;0;0;0125;151;20141028160013;20141028160013
32717761;1;5130665477;;;;;;20141028160018
35398105;0;4896671744;0;0;0321;447;20141028160013;20141028160013
35289285;0;4834346363;2;0;0121;247;20141028160012;20141028160012
35289387;0;4834346397;2;0;0121;247;20141028160012;20141028160012
35289321;0;4834346376;2;0;0121;247;20141028160012;20141028160012
34485247;1;5134734567;;;;;;20141028160019
35289339;0;4834346383;2;0;0121;247;20141028160012;20141028160012
35289353;0;4834346386;2;0;0121;247;20141028160012;20141028160012
35289097;0;4834346337;2;0;0121;247;20141028160012;20141028160012
35289222;0;4834346352;2;0;0121;247;20141028160012;20141028160012
35289366;0;4834346391;2;0;0121;247;20141028160012;20141028160012
35289343;0;4834346384;2;0;0121;247;20141028160012;20141028160012
35289370;0;4834346392;2;0;0121;247;20141028160012;20141028160012
35288987;0;4834346319;2;0;0121;247;20141028160012;20141028160012
35289304;0;4834346371;2;0;0121;247;20141028160012;20141028160012
35289104;0;4834346340;2;0;0121;247;20141028160012;20141028160012
35325458;0;5137114141;0;0;0125;151;20141028160013;20141028160013
35288938;0;4834346316;2;0;0121;247;20141028160012;20141028160012
35289295;0;4834346366;2;0;0121;247;20141028160012;20141028160012
35289358;0;4834346389;2;0;0121;247;20141028160012;20141028160012
35289053;0;4834346329;2;0;0121;247;20141028160012;20141028160012
35289415;0;4834346399;2;0;0121;247;20141028160012;20141028160012
1434639;1;5132330112;;;;;;20141028160013
35391413;0;5132330112;0;0;0125;151;20141028160013;20141028160013
35391101;0;5182435365;0;0;0321;006;20141028160013;20141028160013
35385809;0;5481387825;0;0;0321;006;20141028160014;20141028160014
35391401;0;5499012169;0;0;0321;006;20141028160014;20141028160014
35407319;0;6132181931;2;0;0125;161;20141028160015;20141028160015
35407308;0;6132181920;2;0;0125;161;20141028160014;20141028160014
35407322;0;6132181934;2;0;0125;161;20141028160015;20141028160015
35289305;0;4834346370;2;0;0121;247;20141028160012;20141028160012
35407300;0;6132181912;2;0;0125;161;20141028160014;20141028160014
35407299;0;6132181911;2;0;0125;161;20141028160014;20141028160014
35289323;0;4834346377;2;0;0121;247;20141028160012;20141028160012
35288848;0;4834346303;2;0;0121;247;20141028160012;20141028160012
35407297;0;6132181909;2;0;0125;161;20141028160014;20141028160014
35407314;0;6132181926;2;0;0125;161;20141028160015;20141028160015
35407289;0;6132181901;2;0;0125;161;20141028160014;20141028160014
1722326;1;6132025760;;;;;;20141028160019
35407317;0;6132181929;2;0;0125;161;20141028160015;20141028160015
35289317;0;4834346373;2;0;0121;247;20141028160012;20141028160012
35407312;0;6132181924;2;0;0125;161;20141028160014;20141028160014
35389228;0;5499033003;0;0;0321;006;20141028160014;20141028160014
35289211;0;4834346351;2;0;0121;247;20141028160012;20141028160012
35407306;0;6132181918;2;0;0125;161;20141028160014;20141028160014
35407328;0;6132181940;2;0;0125;161;20141028160015;20141028160015
35407303;0;6132181915;2;0;0125;161;20141028160014;20141028160014
35289076;0;4834346333;2;0;0121;247;20141028160012;20141028160012
35407301;0;6132181913;2;0;0125;161;20141028160014;20141028160014
35407315;0;6132181927;2;0;0125;161;20141028160015;20141028160015
35289356;0;4834346387;2;0;0121;247;20141028160012;20141028160012
31134700;1;5492130179;;;;;;20141028160020
35407316;0;6132181928;2;0;0125;161;20141028160015;20141028160015
35407318;0;6132181930;2;0;0125;161;20141028160015;20141028160015
35289329;0;4834346379;2;0;0121;247;20141028160012;20141028160012
35407294;0;6132181906;2;0;0125;161;20141028160014;20141028160014
35388630;0;4836264509;0;0;0188;764;20141028160012;20141028160012
35407290;0;6132181902;2;0;0125;161;20141028160014;20141028160014
12821823;1;5332224017;;;;;;20141028160014
35309766;0;5332224017;0;0;0125;152;20141028160014;20141028160014
35289278;0;4834346361;2;0;0121;247;20141028160012;20141028160012
35055161;0;5134476765;0;0;0125;151;20141028160013;20141028160013
7406164;1;6130334409;;;;;;20141028160014
35048951;0;6130334409;0;0;0125;161;20141028160014;20141028160014
35309935;0;6134758263;0;0;0125;161;20141028160015;20141028160015
35391071;0;5185994579;0;0;0321;006;20141028160013;20141028160013
35407329;0;6132181941;2;0;0125;161;20141028160015;20141028160015
35294917;0;6133711864;0;0;0125;161;20141028160015;20141028160015
35385217;0;6133542279;0;0;0125;161;20141028160015;20141028160015
35366262;0;6135264032;0;0;0125;161;20141028160015;20141028160015
35407292;0;6132181904;2;0;0125;161;20141028160014;20141028160014
35407313;0;6132181925;2;0;0125;161;20141028160015;20141028160015
35397545;0;5198000666;0;0;0321;006;20141028160013;20141028160013
9423119;1;6132023404;;;;;;20141028160020
35407327;0;6132181939;2;0;0125;161;20141028160015;20141028160015
35372832;0;6133762997;0;0;0125;161;20141028160015;20141028160015
35407311;0;6132181923;2;0;0125;161;20141028160014;20141028160014
27097442;1;6133893555;;;;;;20141028160020
35407334;0;6132181946;2;0;0125;161;20141028160015;20141028160015
35389284;0;6133746434;0;0;0125;161;20141028160015;20141028160015
35381028;0;6133821456;0;0;0125;161;20141028160015;20141028160015
35040036;1;6134616289;;;;;;20141028160020
35407321;0;6132181933;2;0;0125;161;20141028160015;20141028160015
35388023;0;6181044026;0;0;0321;063;20141028160015;20141028160015
35275190;0;6136291395;0;0;0125;162;20141028160015;20141028160015
35407291;0;6132181903;2;0;0125;161;20141028160014;20141028160014
35407337;0;6132181949;2;0;0125;161;20141028160015;20141028160015
35240309;0;6135268544;0;0;0125;161;20141028160015;20141028160015
30504968;1;6182221323;;;;;;20141028160015
35397314;0;6182221323;0;0;0321;063;20141028160015;20141028160015
35391327;0;6135416168;0;0;0125;161;20141028160015;20141028160015
35407356;0;6133523111;0;0;0125;161;20141028160015;20141028160015
34863386;0;6135361759;0;0;0125;161;20141028160015;20141028160015
35017882;0;6181334499;0;0;0321;063;20141028160015;20141028160015
35340916;0;6135410653;0;0;0125;161;20141028160015;20141028160015
28429501;1;6135854025;;;;;;20141028160020
35407320;0;6132181932;2;0;0125;161;20141028160015;20141028160015
35389045;0;6232333728;0;0;0125;162;20141028160016;20141028160016
35407296;0;6132181908;2;0;0125;161;20141028160014;20141028160014
12107218;1;5491556093;;;;;;20141028160021
35407293;0;6132181905;2;0;0125;161;20141028160014;20141028160014
35407288;0;6132181900;2;0;0125;161;20141028160014;20141028160014
35407336;0;6132181948;2;0;0125;161;20141028160015;20141028160015
35392467;0;6186368683;0;0;0321;063;20141028160016;20141028160016
35407307;0;6132181919;2;0;0125;161;20141028160014;20141028160014
35407305;0;6132181917;2;0;0125;161;20141028160014;20141028160014
35091617;0;6232480999;0;0;0125;162;20141028160016;20141028160016
35407108;0;6235886769;0;0;0125;162;20141028160016;20141028160016
35399269;0;6235192841;0;0;0125;162;20141028160016;20141028160016
35385092;0;6232134106;0;0;0125;162;20141028160016;20141028160016
34811692;1;6232111515;;;;;;20141028160021
35394497;0;6186341888;0;0;0321;063;20141028160016;20141028160016
35406634;0;6185464041;0;0;0321;063;20141028160016;20141028160016
35385760;0;6235762812;0;0;0125;162;20141028160016;20141028160016
35275415;0;6232093800;0;0;0125;162;20141028160016;20141028160016
35408966;0;6184858705;0;0;0321;063;20141028160016;20141028160016
35407298;0;6132181910;2;0;0125;161;20141028160014;20141028160014
35354629;0;6133470135;0;0;0125;161;20141028160015;20141028160015
35390042;0;6182902444;0;0;0321;063;20141028160016;20141028160016
35392426;0;6235959878;0;0;0125;162;20141028160016;20141028160016
35374309;0;6232089329;0;0;0125;162;20141028160016;20141028160016
35255913;0;6182841665;0;0;0321;063;20141028160016;20141028160016
35298475;0;6182491115;0;0;0321;063;20141028160016;20141028160016
35256378;0;6199954528;0;0;0321;063;20141028160016;20141028160016
35390081;0;6199423282;0;0;0321;063;20141028160016;20141028160016
35407332;0;6132181944;2;0;0125;161;20141028160015;20141028160015
35408089;0;6198450011;0;0;0321;063;20141028160016;20141028160016
35337694;0;6232460583;0;0;0125;162;20141028160016;20141028160016
35385277;0;6232566247;0;0;0125;162;20141028160016;20141028160016
34060337;1;6130250071;;;;;;20141028160021
35315667;0;5499707873;0;0;0321;006;20141028160014;20141028160014
30591748;1;6191024457;;;;;;20141028160021
35407310;0;6132181922;2;0;0125;161;20141028160014;20141028160014
35407309;0;6132181921;2;0;0125;161;20141028160014;20141028160014
3049154;1;6133846354;;;;;;20141028160021
35152096;0;6134844311;0;0;0125;161;20141028160015;20141028160015
35407302;0;6132181914;2;0;0125;161;20141028160014;20141028160014
29050986;1;6138776816;;;;;;20141028160015
35396136;0;6138776816;0;0;0125;161;20141028160015;20141028160015
35407464;0;6138770989;0;0;0125;161;20141028160015;20141028160015
29608767;1;6536460312;;;;;;20141028160021
35250655;0;6436211043;0;0;0125;162;20141028160016;20141028160016
35297919;0;6134531050;0;0;0125;161;20141028160015;20141028160015
35397441;0;6134910930;0;0;0125;161;20141028160015;20141028160015
35335459;0;6133941149;0;0;0125;161;20141028160015;20141028160015
33398629;1;6239950768;;;;;;20141028160021
29763531;1;6139647815;;;;;;20141028160021
35407330;0;6132181942;2;0;0125;161;20141028160015;20141028160015
28067122;1;6133016453;;;;;;20141028160015
35336259;0;6133016453;0;0;0125;161;20141028160015;20141028160015
28423369;1;6239420087;;;;;;20141028160021
35407333;0;6132181945;2;0;0125;161;20141028160015;20141028160015
35408032;0;6581236490;0;0;0321;057;20141028160017;20141028160017
35381508;0;6436218360;0;0;0125;162;20141028160017;20141028160017
35401057;0;6732530786;0;0;0125;167;20141028160017;20141028160017
35385088;0;6134598204;0;0;0125;161;20141028160015;20141028160015
35387860;0;6530540259;0;0;0114;065;20141028160017;20141028160017
25071144;1;6730253525;;;;;;20141028160022
12354481;1;6134476347;;;;;;20141028160015
35376210;0;6134476347;0;0;0125;161;20141028160015;20141028160015
35407323;0;6132181935;2;0;0125;161;20141028160015;20141028160015
35407325;0;6132181937;2;0;0125;161;20141028160015;20141028160015
32316681;1;6732041878;;;;;;20141028160017
35388197;0;6732041878;0;0;0114;067;20141028160017;20141028160017
19789678;1;6436126685;;;;;;20141028160016
35113128;0;6436126685;0;0;0125;162;20141028160016;20141028160016
35388890;0;6733266212;0;0;0125;167;20141028160017;20141028160017
35409454;0;6596293602;0;0;0321;057;20141028160017;20141028160017
35388673;0;6733526640;0;0;0125;167;20141028160017;20141028160017
35062519;0;6436238547;0;0;0125;162;20141028160017;20141028160017
24735657;1;6730429070;;;;;;20141028160022
35297227;0;6384819572;0;0;0321;069;20141028160016;20141028160016
35390835;0;6133921260;0;0;0125;161;20141028160015;20141028160015
35396090;0;6132334010;0;0;0125;161;20141028160015;20141028160015
35232610;0;6436235635;0;0;0125;162;20141028160017;20141028160017
34586108;0;6733418744;0;0;0125;167;20141028160017;20141028160017
35387780;0;6239540292;0;0;0114;062;20141028160016;20141028160016
35049651;0;6733819380;0;0;0125;167;20141028160017;20141028160017
35330348;0;6235730232;0;0;0125;162;20141028160016;20141028160016
35477588;0;8003151203;1;0;0115;011;20141028160017;20141028160017
32921918;1;7187871904;;;;;;20141028160017
35409088;0;7187871904;0;0;0321;471;20141028160017;20141028160017
35451212;0;7133138324;0;0;0131;071;20141028160017;20141028160017
29716993;1;6130212510;;;;;;20141028160022
35396382;0;6733885951;0;0;0125;167;20141028160017;20141028160017
35381932;0;6733846800;0;0;0125;167;20141028160017;20141028160017
35477605;0;8003151206;1;0;0115;011;20141028160017;20141028160017
35407304;0;6132181916;2;0;0125;161;20141028160014;20141028160014
35407326;0;6132181938;2;0;0125;161;20141028160015;20141028160015
35468164;0;8000128081;1;0;0115;011;20141028160017;20141028160017
35392430;0;6232330508;0;0;0125;162;20141028160016;20141028160016
35477616;0;8003151209;1;0;0115;011;20141028160017;20141028160017
14862894;1;7591344396;;;;;;20141028160017
35390324;0;7591344396;0;0;0321;471;20141028160017;20141028160017
35477596;0;8003151204;1;0;0115;011;20141028160017;20141028160017
25867901;1;7188737718;;;;;;20141028160017
35410059;0;7188737718;0;0;0321;471;20141028160017;20141028160017
7755243;1;6184267928;;;;;;20141028160016
35410175;0;6184267928;0;0;0321;063;20141028160016;20141028160016
35388672;0;6733527965;0;0;0125;167;20141028160017;20141028160017
35477602;0;8003151205;1;0;0115;011;20141028160017;20141028160017
35388674;0;6733527791;0;0;0125;167;20141028160017;20141028160017
35388671;0;6733527777;0;0;0125;167;20141028160017;20141028160017
16819980;1;6235938770;;;;;;20141028160016
35188148;0;6235938770;0;0;0125;162;20141028160016;20141028160016
35388675;0;6733527654;0;0;0125;167;20141028160017;20141028160017
34747129;1;6232053108;;;;;;20141028160016
35296569;0;6232053108;0;0;0125;162;20141028160016;20141028160016
11728524;1;6132026761;;;;;;20141028160014
35393607;0;6132026761;0;0;0125;161;20141028160014;20141028160014
17084358;1;7133622466;;;;;;20141028160017
35369523;0;7133622466;0;0;0125;387;20141028160017;20141028160017
35449830;0;7133013145;0;0;0131;071;20141028160017;20141028160017
35399342;0;7132514071;0;0;0125;387;20141028160017;20141028160017
35477568;0;8003151200;1;0;0115;011;20141028160017;20141028160017
35359347;0;6232426062;0;0;0125;162;20141028160016;20141028160016
35399304;0;6235944172;0;0;0125;162;20141028160016;20141028160016
35477619;0;8003151210;1;0;0115;011;20141028160017;20141028160017
35024971;0;6734248041;0;0;0125;167;20141028160017;20141028160017
35477630;0;8003151216;1;0;0115;011;20141028160018;20141028160018
35477627;0;8003151212;1;0;0115;011;20141028160018;20141028160018
21683130;1;6730436310;;;;;;20141028160023
35389902;0;6496006585;0;0;0321;077;20141028160017;20141028160017
35389239;0;6484531118;0;0;0321;077;20141028160017;20141028160017
35391802;0;8007230823;1;0;0131;021;20141028160018;20141028160018
35298474;0;6181842875;0;0;0321;063;20141028160015;20141028160015
35478641;0;8006445700;1;0;0114;051;20141028160018;20141028160018
35407331;0;6132181943;2;0;0125;161;20141028160015;20141028160015
35468203;0;8003151219;1;0;0115;011;20141028160018;20141028160018
35400745;0;8432112746;0;0;0152;544;20141028160018;20141028160018
35468192;0;8003151215;1;0;0115;011;20141028160018;20141028160018
35387081;0;6239267228;0;0;0114;062;20141028160016;20141028160016
35468174;0;8007784567;1;0;0115;011;20141028160018;20141028160018
35344132;0;6436216400;0;0;0125;162;20141028160016;20141028160016
35407295;0;6132181907;2;0;0125;161;20141028160014;20141028160014
35391803;0;8007253364;1;0;0131;021;20141028160018;20141028160018
35397537;0;8432085025;0;0;0152;544;20141028160018;20141028160018
35400742;0;8432725998;0;0;0152;544;20141028160018;20141028160018
35388643;0;6732532253;0;0;0114;067;20141028160017;20141028160017
35354293;0;6132241848;0;0;0125;161;20141028160015;20141028160015
35397567;0;8432144523;0;0;0152;544;20141028160018;20141028160018
26565552;1;6134274097;;;;;;20141028160023
35400736;0;8433229370;0;0;0152;544;20141028160018;20141028160018
35393677;0;6581495327;0;0;0321;057;20141028160017;20141028160017
35397555;0;8432012461;0;0;0152;544;20141028160018;20141028160018
27408697;1;8432179006;;;;;;20141028160018
35397548;0;8432179006;0;0;0152;544;20141028160018;20141028160018
27266911;1;8141011157;;;;;;20141028160018
35401069;0;8141011157;0;0;0125;389;20141028160018;20141028160018
35407324;0;6132181936;2;0;0125;161;20141028160015;20141028160015
35477633;0;8003151218;1;0;0115;011;20141028160018;20141028160018
35407335;0;6132181947;2;0;0125;161;20141028160015;20141028160015
35401083;0;8132525040;0;0;0125;389;20141028160018;20141028160018
35395285;0;8531332704;2;0;0121;285;20141028160019;20141028160019
35323816;0;7134624822;0;0;0125;387;20141028160017;20141028160017
35358690;0;8433443694;0;0;0152;544;20141028160018;20141028160018
24579816;1;6733658549;;;;;;20141028160017
35359914;0;6733658549;0;0;0125;167;20141028160017;20141028160017
14932295;1;7930438822;;;;;;20141028160017
35406683;0;7930438822;0;0;0125;477;20141028160017;20141028160017
35398987;0;7536255603;0;0;0125;387;20141028160017;20141028160017
35477607;0;8003151207;1;0;0115;011;20141028160017;20141028160017
35289892;0;7135612000;0;0;0125;387;20141028160017;20141028160017
35477581;0;8003151202;1;0;0115;011;20141028160017;20141028160017
16627271;1;8436532178;;;;;;20141028160019
35397526;0;8436532178;0;0;0152;544;20141028160019;20141028160019
33694042;1;8436411231;;;;;;20141028160018
35397533;0;8436411231;0;0;0152;544;20141028160018;20141028160018
35385759;0;6232716530;0;0;0125;162;20141028160016;20141028160016
35395491;0;8531332716;2;0;0121;285;20141028160019;20141028160019
35477611;0;8003151208;1;0;0115;011;20141028160017;20141028160017
35395297;0;8531332706;2;0;0121;285;20141028160019;20141028160019
35395470;0;8531332713;2;0;0121;285;20141028160019;20141028160019
35477574;0;8003151201;1;0;0115;011;20141028160017;20141028160017
32539123;1;7930211212;;;;;;20141028160024
35395272;0;8531332703;2;0;0121;285;20141028160019;20141028160019
14839689;1;7581482479;;;;;;20141028160024
35386098;0;6239246017;0;0;0114;062;20141028160016;20141028160016
35395198;0;8531332701;2;0;0121;285;20141028160019;20141028160019
35477622;0;8003151211;1;0;0115;011;20141028160017;20141028160017
35396203;0;8530461452;0;0;0181;809;20141028160019;20141028160019
14099211;1;7134971483;;;;;;20141028160017
35395486;0;8531332715;2;0;0121;285;20141028160019;20141028160019
35374825;0;8530917037;0;0;0181;809;20141028160019;20141028160019
35408861;0;7134971483;0;0;0125;387;20141028160017;20141028160017
35397562;0;8436639049;0;0;0152;544;20141028160019;20141028160019
35477158;0;8000258638;1;0;0131;021;20141028160017;20141028160017
35450492;0;7932544409;0;0;0131;079;20141028160017;20141028160017
35400751;0;8436455460;0;0;0152;544;20141028160019;20141028160019
35454439;0;7132965985;0;0;0131;071;20141028160017;20141028160017
35397530;0;8436451783;0;0;0152;544;20141028160019;20141028160019
35395429;0;8531332711;2;0;0121;285;20141028160019;20141028160019
35397546;0;8436422741;0;0;0152;544;20141028160019;20141028160019
35391266;0;6984925539;0;0;0321;058;20141028160017;20141028160017
35395347;0;8531332708;2;0;0121;285;20141028160019;20141028160019
35358688;0;8433443695;0;0;0152;544;20141028160018;20141028160018
35358691;0;8433443693;0;0;0152;544;20141028160018;20141028160018
29697331;1;8432079490;;;;;;20141028160018
35397543;0;8432079490;0;0;0152;544;20141028160018;20141028160018
9432543;1;8009700002;;;;;;20141028160018
35391799;0;8009700002;1;0;0131;021;20141028160018;20141028160018
35395670;0;8531332733;2;0;0121;285;20141028160019;20141028160019
35398748;0;8388341600;0;0;0321;024;20141028160018;20141028160018
32759961;1;6733057229;;;;;;20141028160017
35395548;0;8531332722;2;0;0121;285;20141028160019;20141028160019
35223244;0;6733057229;0;0;0125;167;20141028160017;20141028160017
10727157;1;8388023871;;;;;;20141028160018
35391800;0;8007230833;1;0;0131;021;20141028160018;20141028160018
35398822;0;8388023871;0;0;0321;024;20141028160018;20141028160018
35395521;0;8531332720;2;0;0121;285;20141028160019;20141028160019
35400747;0;8432216050;0;0;0152;544;20141028160018;20141028160018
35395742;0;8531332740;2;0;0121;285;20141028160019;20141028160019
35395773;0;8531332745;2;0;0121;285;20141028160019;20141028160019
35395590;0;8531332724;2;0;0121;285;20141028160019;20141028160019
35468187;0;8003151214;1;0;0115;011;20141028160018;20141028160018
35395640;0;8531332731;2;0;0121;285;20141028160019;20141028160019
35395563;0;8531332723;2;0;0121;285;20141028160019;20141028160019
35395697;0;8531332734;2;0;0121;285;20141028160019;20141028160019
35395635;0;8531332730;2;0;0121;285;20141028160019;20141028160019
35468143;0;8007744380;1;0;0115;011;20141028160018;20141028160018
35400017;0;8332290577;0;0;0125;446;20141028160018;20141028160018
35395753;0;8531332741;2;0;0121;285;20141028160019;20141028160019
35395531;0;8531332721;2;0;0121;285;20141028160019;20141028160019
35395795;0;8531332746;2;0;0121;285;20141028160019;20141028160019
35397560;0;8432143640;0;0;0152;544;20141028160018;20141028160018
35395711;0;8531332736;2;0;0121;285;20141028160019;20141028160019
13369705;1;8332258475;;;;;;20141028160018
35395616;0;8531332729;2;0;0121;285;20141028160019;20141028160019
35451026;0;8332258475;0;0;0131;083;20141028160018;20141028160018
35395716;0;8531332737;2;0;0121;285;20141028160019;20141028160019
35272665;0;6436132088;0;0;0125;162;20141028160016;20141028160016
35300047;0;8188938881;0;0;0321;023;20141028160018;20141028160018
35395807;0;8531332747;2;0;0121;285;20141028160019;20141028160019
35395839;0;8531332750;2;0;0121;285;20141028160019;20141028160019
35395508;0;8531332719;2;0;0121;285;20141028160019;20141028160019
35395504;0;8531332718;2;0;0121;285;20141028160019;20141028160019
35355841;0;6634213435;0;0;0125;165;20141028160017;20141028160017
35395608;0;8531332728;2;0;0121;285;20141028160019;20141028160019
35395757;0;8531332742;2;0;0121;285;20141028160019;20141028160019
35395728;0;8531332739;2;0;0121;285;20141028160019;20141028160019
35395596;0;8531332725;2;0;0121;285;20141028160019;20141028160019
35395865;0;8531332754;2;0;0121;285;20141028160020;20141028160020
35395820;0;8531332748;2;0;0121;285;20141028160019;20141028160019
35300046;0;8188832520;0;0;0321;023;20141028160018;20141028160018
35395768;0;8531332744;2;0;0121;285;20141028160019;20141028160019
35395438;0;8531332712;2;0;0121;285;20141028160019;20141028160019
35283567;0;6733814672;0;0;0125;167;20141028160017;20141028160017
35395764;0;8531332743;2;0;0121;285;20141028160019;20141028160019
35468195;0;8003151217;1;0;0115;011;20141028160018;20141028160018
35395475;0;8531332714;2;0;0121;285;20141028160019;20141028160019
35046000;0;7592299513;0;0;0321;471;20141028160017;20141028160017
35395362;0;8531332709;2;0;0121;285;20141028160019;20141028160019
35395920;0;8531332760;2;0;0121;285;20141028160020;20141028160020
35395175;0;8531332700;2;0;0121;285;20141028160019;20141028160019
35395912;0;8531332759;2;0;0121;285;20141028160020;20141028160020
35396064;0;8531332771;2;0;0121;285;20141028160020;20141028160020
35395845;0;8531332751;2;0;0121;285;20141028160020;20141028160020
35396187;0;8530328295;0;0;0181;809;20141028160019;20141028160019
35391814;0;8496990249;0;0;0321;032;20141028160019;20141028160019
10727156;1;8388023870;;;;;;20141028160018
35398821;0;8388023870;0;0;0321;024;20141028160018;20141028160018
35395700;0;8531332735;2;0;0121;285;20141028160019;20141028160019
35396049;0;8531332769;2;0;0121;285;20141028160020;20141028160020
35396043;0;8531332768;2;0;0121;285;20141028160020;20141028160020
35395718;0;8531332738;2;0;0121;285;20141028160019;20141028160019
35396174;0;8531332782;2;0;0121;285;20141028160020;20141028160020
34960221;0;7132193810;0;0;0125;387;20141028160017;20141028160017
35391801;0;8007216585;1;0;0131;021;20141028160018;20141028160018
35396520;0;8531332783;2;0;0121;285;20141028160020;20141028160020
35397554;0;8432012320;0;0;0152;544;20141028160018;20141028160018
35064042;0;6734219009;0;0;0125;167;20141028160017;20141028160017
35395599;0;8531332726;2;0;0121;285;20141028160019;20141028160019
35396542;0;8531332786;2;0;0121;285;20141028160020;20141028160020
35396538;0;8531332785;2;0;0121;285;20141028160020;20141028160020
35395849;0;8531332752;2;0;0121;285;20141028160020;20141028160020
35395397;0;8531332710;2;0;0121;285;20141028160019;20141028160019
35396529;0;8531332784;2;0;0121;285;20141028160020;20141028160020
35396067;0;8531332772;2;0;0121;285;20141028160020;20141028160020
35396168;0;8531332781;2;0;0121;285;20141028160020;20141028160020
35396562;0;8531332789;2;0;0121;285;20141028160020;20141028160020
35396030;0;8531332767;2;0;0121;285;20141028160020;20141028160020
35396158;0;8531332779;2;0;0121;285;20141028160020;20141028160020
35395940;0;8531332763;2;0;0121;285;20141028160020;20141028160020
35396147;0;8531332778;2;0;0121;285;20141028160020;20141028160020
35395288;0;8531332705;2;0;0121;285;20141028160019;20141028160019
35396094;0;8531332775;2;0;0121;285;20141028160020;20141028160020
35395262;0;8531332702;2;0;0121;285;20141028160019;20141028160019
35396055;0;8531332770;2;0;0121;285;20141028160020;20141028160020
35395874;0;8531332755;2;0;0121;285;20141028160020;20141028160020
35395947;0;8531332764;2;0;0121;285;20141028160020;20141028160020
35396548;0;8531332787;2;0;0121;285;20141028160020;20141028160020
35395307;0;8531332707;2;0;0121;285;20141028160019;20141028160019
35395496;0;8531332717;2;0;0121;285;20141028160019;20141028160019
35395662;0;8531332732;2;0;0121;285;20141028160019;20141028160019
35395829;0;8531332749;2;0;0121;285;20141028160019;20141028160019
35395605;0;8531332727;2;0;0121;285;20141028160019;20141028160019
35395857;0;8531332753;2;0;0121;285;20141028160020;20141028160020
35396111;0;8531332776;2;0;0121;285;20141028160020;20141028160020
35396143;0;8531332777;2;0;0121;285;20141028160020;20141028160020
35395926;0;8531332761;2;0;0121;285;20141028160020;20141028160020
35396164;0;8531332780;2;0;0121;285;20141028160020;20141028160020
35396075;0;8531332773;2;0;0121;285;20141028160020;20141028160020
35395881;0;8531332756;2;0;0121;285;20141028160020;20141028160020
35395933;0;8531332762;2;0;0121;285;20141028160020;20141028160020
35396082;0;8531332774;2;0;0121;285;20141028160020;20141028160020
35395959;0;8531332765;2;0;0121;285;20141028160020;20141028160020
35396608;0;8531332794;2;0;0121;285;20141028160020;20141028160020
8296660;1;8532613623;;;;;;20141028160020
35396220;0;8532613623;0;0;0181;809;20141028160020;20141028160020
29792701;1;8532234645;;;;;;20141028160020
35395972;0;8531332766;2;0;0121;285;20141028160020;20141028160020
35396211;0;8532234645;0;0;0181;809;20141028160020;20141028160020
35396556;0;8531332788;2;0;0121;285;20141028160020;20141028160020
35396602;0;8531332793;2;0;0121;285;20141028160020;20141028160020
35375009;0;8532624965;0;0;0181;809;20141028160020;20141028160020
35374909;0;8532463951;0;0;0181;809;20141028160020;20141028160020
35396254;0;8532440501;0;0;0181;809;20141028160020;20141028160020
35396278;0;8532653988;0;0;0181;809;20141028160021;20141028160021
35375032;0;8541027490;0;0;0181;809;20141028160021;20141028160021
35255003;0;9193556593;0;0;0321;494;20141028160021;20141028160021
35396568;0;8531332790;2;0;0121;285;20141028160020;20141028160020
35396260;0;8532345848;0;0;0181;809;20141028160020;20141028160020
35395892;0;8531332758;2;0;0121;285;20141028160020;20141028160020
35375004;0;8532343420;0;0;0181;809;20141028160020;20141028160020
35397497;0;8581297720;0;0;0321;028;20141028160021;20141028160021
35396635;0;8531332799;2;0;0121;285;20141028160020;20141028160020
35396631;0;8531332798;2;0;0121;285;20141028160020;20141028160020
35396268;0;8532783248;0;0;0181;809;20141028160021;20141028160021
35396618;0;8531332797;2;0;0121;285;20141028160020;20141028160020
26659798;1;9881278212;;;;;;20141028160026
34998348;0;8591052337;0;0;0320;455;20141028160021;20141028160021
35210669;0;8532961348;0;0;0181;809;20141028160021;20141028160021
35080119;0;9192703462;0;0;0321;494;20141028160021;20141028160021
35375002;0;8532574309;0;0;0181;809;20141028160020;20141028160020
8317529;1;8532425500;;;;;;20141028160020
35396200;0;8532425500;0;0;0181;809;20141028160020;20141028160020
35396575;0;8531332791;2;0;0121;285;20141028160020;20141028160020
35170716;0;8586678914;0;0;0321;028;20141028160021;20141028160021
35400319;0;9481243748;0;0;0321;494;20141028160021;20141028160021
34998891;0;9188483196;0;0;0321;494;20141028160021;20141028160021
35400645;0;9281666666;0;0;0321;493;20141028160021;20141028160021
23181878;1;9284002301;;;;;;20141028160027
27613642;1;9882280400;;;;;;20141028160027
35345742;0;8688016963;0;0;0321;029;20141028160021;20141028160021
35375014;0;8534948228;0;0;0181;809;20141028160021;20141028160021
11505720;1;8532682456;;;;;;20141028160021
35396218;0;8532682456;0;0;0181;809;20141028160021;20141028160021
35452062;0;8533715091;0;0;0131;085;20141028160021;20141028160021
35396579;0;8531332792;2;0;0121;285;20141028160020;20141028160020
35396284;0;8532480023;0;0;0181;809;20141028160020;20141028160020
35396616;0;8531332796;2;0;0121;285;20141028160020;20141028160020
17984757;1;8532574470;;;;;;20141028160020
35369376;0;8532574470;0;0;0125;388;20141028160020;20141028160020
31483883;1;8532677548;;;;;;20141028160021
35396614;0;8531332795;2;0;0121;285;20141028160020;20141028160020
35396053;0;8532677548;0;0;0181;809;20141028160021;20141028160021
0a9474b49e95b3fda577f2991ccbcb01