20141202135005;1152
35964423;0;1123371047;0;0;0125;100;20141202115956;20141202115956
30992504;1;1133052015;;;;;;20141202115956
35982798;0;1133052015;0;0;0106;689;20141202115956;20141202115956
35980967;0;1124997243;0;0;0125;100;20141202115956;20141202115956
35994780;0;1127597223;0;0;0115;013;20141202115957;20141202115957
30992508;1;1133052019;;;;;;20141202115956
35982802;0;1133052019;0;0;0106;689;20141202115956;20141202115956
30992522;1;1133052033;;;;;;20141202115957
35982816;0;1133052033;0;0;0106;689;20141202115957;20141202115957
35973049;0;1126513241;0;0;0125;100;20141202115957;20141202115957
35997318;0;1126692946;0;0;0125;146;20141202115956;20141202115956
30992520;1;1133052031;;;;;;20141202115957
35982814;0;1133052031;0;0;0106;689;20141202115957;20141202115957
30992493;1;1133052004;;;;;;20141202115956
35982787;0;1133052004;0;0;0106;689;20141202115956;20141202115956
30992577;1;1133052088;;;;;;20141202115957
30992499;1;1133052010;;;;;;20141202115957
35982793;0;1133052010;0;0;0106;689;20141202115957;20141202115957
30992503;1;1133052014;;;;;;20141202115957
35982871;0;1133052088;0;0;0106;689;20141202115957;20141202115957
30992500;1;1133052011;;;;;;20141202115957
35982794;0;1133052011;0;0;0106;689;20141202115957;20141202115957
35982797;0;1133052014;0;0;0106;689;20141202115957;20141202115957
30992516;1;1133052027;;;;;;20141202115957
35982810;0;1133052027;0;0;0106;689;20141202115957;20141202115957
30992579;1;1133052090;;;;;;20141202115958
35982873;0;1133052090;0;0;0106;689;20141202115958;20141202115958
30992564;1;1133052075;;;;;;20141202115956
35982858;0;1133052075;0;0;0106;689;20141202115956;20141202115956
30992514;1;1133052025;;;;;;20141202115956
35982808;0;1133052025;0;0;0106;689;20141202115956;20141202115956
35982874;0;1133052091;0;0;0106;689;20141202115958;20141202115958
35994005;0;1123561649;0;0;0125;146;20141202115957;20141202115957
30992578;1;1133052089;;;;;;20141202115958
35982872;0;1133052089;0;0;0106;689;20141202115958;20141202115958
30992558;1;1133052069;;;;;;20141202115957
35982852;0;1133052069;0;0;0106;689;20141202115957;20141202115957
30992568;1;1133052079;;;;;;20141202115956
35982862;0;1133052079;0;0;0106;689;20141202115956;20141202115956
30992532;1;1133052043;;;;;;20141202115957
35982826;0;1133052043;0;0;0106;689;20141202115957;20141202115957
30992507;1;1133052018;;;;;;20141202115956
35982801;0;1133052018;0;0;0106;689;20141202115956;20141202115956
30992490;1;1133052001;;;;;;20141202115956
35982784;0;1133052001;0;0;0106;689;20141202115956;20141202115956
30992497;1;1133052008;;;;;;20141202115956
35982791;0;1133052008;0;0;0106;689;20141202115956;20141202115956
30992525;1;1133052036;;;;;;20141202115957
35987674;0;1129377420;0;0;0125;100;20141202115956;20141202115956
35982819;0;1133052036;0;0;0106;689;20141202115957;20141202115957
35966370;0;1127861448;0;0;0115;013;20141202115957;20141202115957
30992501;1;1133052012;;;;;;20141202115957
35982795;0;1133052012;0;0;0106;689;20141202115957;20141202115957
35960353;0;1126799945;0;0;0125;100;20141202115957;20141202115957
35967813;0;1123030868;0;0;0125;100;20141202115957;20141202115957
30992556;1;1133052067;;;;;;20141202115956
35982850;0;1133052067;0;0;0106;689;20141202115956;20141202115956
35996530;0;1128379061;0;0;0115;011;20141202115957;20141202115957
30992566;1;1133052077;;;;;;20141202115956
35982860;0;1133052077;0;0;0106;689;20141202115956;20141202115956
30992533;1;1133052044;;;;;;20141202115957
35982827;0;1133052044;0;0;0106;689;20141202115957;20141202115957
30992530;1;1133052041;;;;;;20141202115957
35982824;0;1133052041;0;0;0106;689;20141202115957;20141202115957
35982875;0;1133052092;0;0;0106;689;20141202115958;20141202115958
30992513;1;1133052024;;;;;;20141202115956
35982807;0;1133052024;0;0;0106;689;20141202115956;20141202115956
30992512;1;1133052023;;;;;;20141202115957
35982806;0;1133052023;0;0;0106;689;20141202115957;20141202115957
30992495;1;1133052006;;;;;;20141202115957
35982789;0;1133052006;0;0;0106;689;20141202115957;20141202115957
30992492;1;1133052003;;;;;;20141202115957
35982786;0;1133052003;0;0;0106;689;20141202115957;20141202115957
16313663;1;1129412616;;;;;;20141202115956
35969050;0;1129412616;0;0;0125;100;20141202115956;20141202115956
30992538;1;1133052049;;;;;;20141202115957
35982832;0;1133052049;0;0;0106;689;20141202115957;20141202115957
35999163;1;1132248995;;;;;;20141202115957
36051021;0;1132248995;0;0;0115;011;20141202115957;20141202115957
30992517;1;1133052028;;;;;;20141202115956
35982811;0;1133052028;0;0;0106;689;20141202115956;20141202115956
35986766;0;1122296834;0;0;0125;100;20141202115956;20141202115956
35982876;0;1133052093;0;0;0106;689;20141202115958;20141202115958
30992571;1;1133052082;;;;;;20141202115956
35982865;0;1133052082;0;0;0106;689;20141202115956;20141202115956
30992526;1;1133052037;;;;;;20141202115956
35982820;0;1133052037;0;0;0106;689;20141202115956;20141202115956
30992502;1;1133052013;;;;;;20141202115957
35982796;0;1133052013;0;0;0106;689;20141202115957;20141202115957
30992494;1;1133052005;;;;;;20141202115956
35982788;0;1133052005;0;0;0106;689;20141202115956;20141202115956
30992528;1;1133052039;;;;;;20141202115957
35982822;0;1133052039;0;0;0106;689;20141202115957;20141202115957
30992554;1;1133052065;;;;;;20141202115957
35982848;0;1133052065;0;0;0106;689;20141202115957;20141202115957
30992496;1;1133052007;;;;;;20141202115957
35982790;0;1133052007;0;0;0106;689;20141202115957;20141202115957
35909636;0;1124042521;0;0;0125;100;20141202115957;20141202115957
29501675;1;1122426787;;;;;;20141202115956
35986361;0;1128960839;0;0;0115;013;20141202115956;20141202115956
35978177;0;1122426787;0;0;0125;100;20141202115956;20141202115956
30992543;1;1133052054;;;;;;20141202115957
35982837;0;1133052054;0;0;0106;689;20141202115957;20141202115957
35986452;0;1123784496;0;0;0115;013;20141202115956;20141202115956
30992572;1;1133052083;;;;;;20141202115956
35982866;0;1133052083;0;0;0106;689;20141202115956;20141202115956
35982880;0;1133052097;0;0;0106;689;20141202115958;20141202115958
35982878;0;1133052095;0;0;0106;689;20141202115958;20141202115958
35982877;0;1133052094;0;0;0106;689;20141202115958;20141202115958
30992509;1;1133052020;;;;;;20141202115957
35982803;0;1133052020;0;0;0106;689;20141202115957;20141202115957
30992540;1;1133052051;;;;;;20141202115957
35982834;0;1133052051;0;0;0106;689;20141202115957;20141202115957
35945242;0;1133968411;2;0;0121;212;20141202115958;20141202115958
35977682;0;1120916301;0;0;0125;100;20141202115957;20141202115957
30992576;1;1133052087;;;;;;20141202115957
35982870;0;1133052087;0;0;0106;689;20141202115957;20141202115957
30992567;1;1133052078;;;;;;20141202115956
35982861;0;1133052078;0;0;0106;689;20141202115956;20141202115956
30992557;1;1133052068;;;;;;20141202115957
35982851;0;1133052068;0;0;0106;689;20141202115957;20141202115957
30992536;1;1133052047;;;;;;20141202115957
35982830;0;1133052047;0;0;0106;689;20141202115957;20141202115957
30992498;1;1133052009;;;;;;20141202115956
35982792;0;1133052009;0;0;0106;689;20141202115956;20141202115956
30273163;1;1128323947;;;;;;20141202115957
35981990;0;1128323947;0;0;0125;100;20141202115957;20141202115957
35306953;1;1124430100;;;;;;20141202115957
35965485;0;1124430100;0;0;0125;100;20141202115957;20141202115957
35982879;0;1133052096;0;0;0106;689;20141202115958;20141202115958
35945299;0;1133968419;2;0;0121;212;20141202115958;20141202115958
30992524;1;1133052035;;;;;;20141202115957
35982818;0;1133052035;0;0;0106;689;20141202115957;20141202115957
30992544;1;1133052055;;;;;;20141202115956
35982838;0;1133052055;0;0;0106;689;20141202115956;20141202115956
30992529;1;1133052040;;;;;;20141202115957
35982823;0;1133052040;0;0;0106;689;20141202115957;20141202115957
35982881;0;1133052098;0;0;0106;689;20141202115958;20141202115958
30992531;1;1133052042;;;;;;20141202115956
35982825;0;1133052042;0;0;0106;689;20141202115956;20141202115956
35988313;0;1123568367;0;0;0125;146;20141202115956;20141202115956
30992515;1;1133052026;;;;;;20141202115956
35982809;0;1133052026;0;0;0106;689;20141202115956;20141202115956
35945390;0;1133968431;2;0;0121;212;20141202115959;20141202115959
27565698;1;1122286604;;;;;;20141202115957
36039688;1;1120184116;;;;;;20141202115956
35986964;0;1122286604;0;0;0125;100;20141202115957;20141202115957
36051026;0;1120184116;0;0;0115;013;20141202115956;20141202115956
30992573;1;1133052084;;;;;;20141202115956
35982867;0;1133052084;0;0;0106;689;20141202115956;20141202115956
30992569;1;1133052080;;;;;;20141202115956
35982863;0;1133052080;0;0;0106;689;20141202115956;20141202115956
30992552;1;1133052063;;;;;;20141202115956
35982846;0;1133052063;0;0;0106;689;20141202115956;20141202115956
30992547;1;1133052058;;;;;;20141202115956
35982841;0;1133052058;0;0;0106;689;20141202115956;20141202115956
30992519;1;1133052030;;;;;;20141202115956
35982813;0;1133052030;0;0;0106;689;20141202115956;20141202115956
35945398;0;1133968432;2;0;0121;212;20141202115959;20141202115959
30992565;1;1133052076;;;;;;20141202115956
35982859;0;1133052076;0;0;0106;689;20141202115956;20141202115956
30992574;1;1133052085;;;;;;20141202115956
35982868;0;1133052085;0;0;0106;689;20141202115956;20141202115956
35945400;0;1133968433;2;0;0121;212;20141202115959;20141202115959
35945234;0;1133968409;2;0;0121;212;20141202115958;20141202115958
35945235;0;1133968410;2;0;0121;212;20141202115958;20141202115958
30992562;1;1133052073;;;;;;20141202115956
35982856;0;1133052073;0;0;0106;689;20141202115956;20141202115956
35945173;0;1133968400;2;0;0121;212;20141202115958;20141202115958
18818357;1;1124033999;;;;;;20141202115956
35997730;0;1124033999;0;0;0125;100;20141202115956;20141202115956
35982716;0;1127862312;0;0;0125;146;20141202115956;20141202115956
35721061;0;1125345733;0;0;0125;146;20141202115956;20141202115956
35991843;0;1124960563;0;0;0125;100;20141202115956;20141202115956
30992550;1;1133052061;;;;;;20141202115956
35982844;0;1133052061;0;0;0106;689;20141202115956;20141202115956
30992561;1;1133052072;;;;;;20141202115957
35982855;0;1133052072;0;0;0106;689;20141202115957;20141202115957
30992575;1;1133052086;;;;;;20141202115956
35982869;0;1133052086;0;0;0106;689;20141202115956;20141202115956
30992535;1;1133052046;;;;;;20141202115957
35982829;0;1133052046;0;0;0106;689;20141202115957;20141202115957
30992523;1;1133052034;;;;;;20141202115957
35982817;0;1133052034;0;0;0106;689;20141202115957;20141202115957
35978509;0;1126690102;0;0;0125;146;20141202115956;20141202115956
35945481;0;1133968446;2;0;0121;212;20141202115959;20141202115959
30992541;1;1133052052;;;;;;20141202115957
35982835;0;1133052052;0;0;0106;689;20141202115957;20141202115957
30992570;1;1133052081;;;;;;20141202115956
35982864;0;1133052081;0;0;0106;689;20141202115956;20141202115956
35982644;0;1126775115;0;0;0125;146;20141202115957;20141202115957
29396394;1;1124053181;;;;;;20141202115957
30992551;1;1133052062;;;;;;20141202115957
35981691;0;1124053181;0;0;0125;100;20141202115957;20141202115957
35982845;0;1133052062;0;0;0106;689;20141202115957;20141202115957
30992545;1;1133052056;;;;;;20141202115957
35982839;0;1133052056;0;0;0106;689;20141202115957;20141202115957
35970250;0;1122797736;0;0;0125;100;20141202115957;20141202115957
30992548;1;1133052059;;;;;;20141202115957
35982842;0;1133052059;0;0;0106;689;20141202115957;20141202115957
30992537;1;1133052048;;;;;;20141202115957
35982831;0;1133052048;0;0;0106;689;20141202115957;20141202115957
30992527;1;1133052038;;;;;;20141202115957
35982821;0;1133052038;0;0;0106;689;20141202115957;20141202115957
35945193;0;1133968402;2;0;0121;212;20141202115958;20141202115958
35982882;0;1133052099;0;0;0106;689;20141202115958;20141202115958
35945188;0;1133968401;2;0;0121;212;20141202115958;20141202115958
35945226;0;1133968407;2;0;0121;212;20141202115958;20141202115958
30992559;1;1133052070;;;;;;20141202115957
35982853;0;1133052070;0;0;0106;689;20141202115957;20141202115957
30992549;1;1133052060;;;;;;20141202115957
35982843;0;1133052060;0;0;0106;689;20141202115957;20141202115957
35945201;0;1133968404;2;0;0121;212;20141202115958;20141202115958
30992539;1;1133052050;;;;;;20141202115957
35982833;0;1133052050;0;0;0106;689;20141202115957;20141202115957
30992521;1;1133052032;;;;;;20141202115957
35982815;0;1133052032;0;0;0106;689;20141202115957;20141202115957
30992546;1;1133052057;;;;;;20141202115957
35982840;0;1133052057;0;0;0106;689;20141202115957;20141202115957
30992542;1;1133052053;;;;;;20141202115957
35982836;0;1133052053;0;0;0106;689;20141202115957;20141202115957
30992563;1;1133052074;;;;;;20141202115957
35982857;0;1133052074;0;0;0106;689;20141202115957;20141202115957
35945204;0;1133968405;2;0;0121;212;20141202115958;20141202115958
35945195;0;1133968403;2;0;0121;212;20141202115958;20141202115958
35945217;0;1133968406;2;0;0121;212;20141202115958;20141202115958
35966407;0;1127861443;0;0;0115;013;20141202115957;20141202115957
24860051;1;1124550553;;;;;;20141202115957
30992553;1;1133052064;;;;;;20141202115957
35982847;0;1133052064;0;0;0106;689;20141202115957;20141202115957
35997375;0;1126901176;0;0;0115;011;20141202115957;20141202115957
35982120;0;1124550553;0;0;0125;100;20141202115957;20141202115957
35945230;0;1133968408;2;0;0121;212;20141202115958;20141202115958
30992511;1;1133052022;;;;;;20141202115957
35982805;0;1133052022;0;0;0106;689;20141202115957;20141202115957
30992510;1;1133052021;;;;;;20141202115957
35982804;0;1133052021;0;0;0106;689;20141202115957;20141202115957
30992506;1;1133052017;;;;;;20141202115957
35982800;0;1133052017;0;0;0106;689;20141202115957;20141202115957
30992505;1;1133052016;;;;;;20141202115957
35982799;0;1133052016;0;0;0106;689;20141202115957;20141202115957
30992491;1;1133052002;;;;;;20141202115957
35982785;0;1133052002;0;0;0106;689;20141202115957;20141202115957
35945289;0;1133968418;2;0;0121;212;20141202115958;20141202115958
35991139;0;1124678169;0;0;0125;100;20141202115957;20141202115957
30992534;1;1133052045;;;;;;20141202115957
35982828;0;1133052045;0;0;0106;689;20141202115957;20141202115957
28628405;1;1124021729;;;;;;20141202115957
35982962;0;1124021729;0;0;0125;100;20141202115957;20141202115957
30992518;1;1133052029;;;;;;20141202115957
35982812;0;1133052029;0;0;0106;689;20141202115957;20141202115957
30992489;1;1133052000;;;;;;20141202115957
35982783;0;1133052000;0;0;0106;689;20141202115957;20141202115957
35988874;0;1123749199;0;0;0125;146;20141202115957;20141202115957
24693286;1;1129713708;;;;;;20141202115957
35982079;0;1129713708;0;0;0125;100;20141202115957;20141202115957
30992560;1;1133052071;;;;;;20141202115956
35982854;0;1133052071;0;0;0106;689;20141202115956;20141202115956
30992555;1;1133052066;;;;;;20141202115957
35982849;0;1133052066;0;0;0106;689;20141202115957;20141202115957
35945252;0;1133968413;2;0;0121;212;20141202115958;20141202115958
35945389;0;1133968430;2;0;0121;212;20141202115959;20141202115959
35945246;0;1133968412;2;0;0121;212;20141202115958;20141202115958
35945362;0;1133968425;2;0;0121;212;20141202115958;20141202115958
35945267;0;1133968415;2;0;0121;212;20141202115958;20141202115958
35945273;0;1133968417;2;0;0121;212;20141202115958;20141202115958
35945259;0;1133968414;2;0;0121;212;20141202115958;20141202115958
35945713;0;1133968465;2;0;0121;212;20141202115959;20141202115959
35945269;0;1133968416;2;0;0121;212;20141202115958;20141202115958
35945551;0;1133968460;2;0;0121;212;20141202115959;20141202115959
35945490;0;1133968448;2;0;0121;212;20141202115959;20141202115959
35945504;0;1133968452;2;0;0121;212;20141202115959;20141202115959
35945485;0;1133968447;2;0;0121;212;20141202115959;20141202115959
35945513;0;1133968454;2;0;0121;212;20141202115959;20141202115959
35945758;0;1133968478;2;0;0121;212;20141202115959;20141202115959
35945777;0;1133968482;2;0;0121;212;20141202115959;20141202115959
35945496;0;1133968450;2;0;0121;212;20141202115959;20141202115959
35945500;0;1133968451;2;0;0121;212;20141202115959;20141202115959
35945493;0;1133968449;2;0;0121;212;20141202115959;20141202115959
35945473;0;1133968445;2;0;0121;212;20141202115959;20141202115959
35945512;0;1133968453;2;0;0121;212;20141202115959;20141202115959
35945520;0;1133968456;2;0;0121;212;20141202115959;20141202115959
35945323;0;1133968423;2;0;0121;212;20141202115958;20141202115958
35945462;0;1133968442;2;0;0121;212;20141202115959;20141202115959
35945304;0;1133968420;2;0;0121;212;20141202115958;20141202115958
35945310;0;1133968421;2;0;0121;212;20141202115958;20141202115958
35945410;0;1133968435;2;0;0121;212;20141202115959;20141202115959
35945541;0;1133968458;2;0;0121;212;20141202115959;20141202115959
35945416;0;1133968436;2;0;0121;212;20141202115959;20141202115959
35945467;0;1133968443;2;0;0121;212;20141202115959;20141202115959
35945472;0;1133968444;2;0;0121;212;20141202115959;20141202115959
35945381;0;1133968428;2;0;0121;212;20141202115958;20141202115958
35945353;0;1133968424;2;0;0121;212;20141202115958;20141202115958
35945369;0;1133968426;2;0;0121;212;20141202115958;20141202115958
35945316;0;1133968422;2;0;0121;212;20141202115958;20141202115958
35945374;0;1133968427;2;0;0121;212;20141202115958;20141202115958
35945405;0;1133968434;2;0;0121;212;20141202115959;20141202115959
35945458;0;1133968441;2;0;0121;212;20141202115959;20141202115959
35945383;0;1133968429;2;0;0121;212;20141202115958;20141202115958
35945518;0;1133968455;2;0;0121;212;20141202115959;20141202115959
35945420;0;1133968437;2;0;0121;212;20141202115959;20141202115959
35945429;0;1133968439;2;0;0121;212;20141202115959;20141202115959
20064925;1;1144510793;;;;;;20141202120000
35979301;0;1144510793;0;0;0125;146;20141202120000;20141202120000
35945453;0;1133968440;2;0;0121;212;20141202115959;20141202115959
35945422;0;1133968438;2;0;0121;212;20141202115959;20141202115959
35945553;0;1133968461;2;0;0121;212;20141202115959;20141202115959
35945524;0;1133968457;2;0;0121;212;20141202115959;20141202115959
35945780;0;1133968483;2;0;0121;212;20141202115959;20141202115959
35945783;0;1133968484;2;0;0121;212;20141202115959;20141202115959
35945707;0;1133968463;2;0;0121;212;20141202115959;20141202115959
35945547;0;1133968459;2;0;0121;212;20141202115959;20141202115959
35945719;0;1133968467;2;0;0121;212;20141202115959;20141202115959
35945722;0;1133968468;2;0;0121;212;20141202115959;20141202115959
35945747;0;1133968474;2;0;0121;212;20141202115959;20141202115959
35945737;0;1133968471;2;0;0121;212;20141202115959;20141202115959
35945559;0;1133968462;2;0;0121;212;20141202115959;20141202115959
35945743;0;1133968473;2;0;0121;212;20141202115959;20141202115959
35945791;0;1133968486;2;0;0121;212;20141202115959;20141202115959
35945733;0;1133968470;2;0;0121;212;20141202115959;20141202115959
35997264;0;1143070493;0;0;0125;100;20141202120000;20141202120000
35945729;0;1133968469;2;0;0121;212;20141202115959;20141202115959
35781261;0;1143177244;0;0;0125;146;20141202120000;20141202120000
35945756;0;1133968477;2;0;0121;212;20141202115959;20141202115959
35945797;0;1133968488;2;0;0121;212;20141202115959;20141202115959
35945752;0;1133968476;2;0;0121;212;20141202115959;20141202115959
35945751;0;1133968475;2;0;0121;212;20141202115959;20141202115959
35945771;0;1133968481;2;0;0121;212;20141202115959;20141202115959
35945740;0;1133968472;2;0;0121;212;20141202115959;20141202115959
35985272;0;11986664318;0;0;0321;014;20141202120001;20141202120001
35945795;0;1133968487;2;0;0121;212;20141202115959;20141202115959
35945762;0;1133968479;2;0;0121;212;20141202115959;20141202115959
35945801;0;1133968489;2;0;0121;212;20141202115959;20141202115959
35945768;0;1133968480;2;0;0121;212;20141202115959;20141202115959
35945716;0;1133968466;2;0;0121;212;20141202115959;20141202115959
35945708;0;1133968464;2;0;0121;212;20141202115959;20141202115959
35945805;0;1133968490;2;0;0121;212;20141202115959;20141202115959
35945788;0;1133968485;2;0;0121;212;20141202115959;20141202115959
35993348;0;1134125532;0;0;0125;146;20141202120000;20141202120000
35997801;0;1146072354;0;0;0125;100;20141202120000;20141202120000
35898354;0;1144576425;0;0;0125;146;20141202120000;20141202120000
35997424;0;1143725630;0;0;0125;100;20141202120000;20141202120000
35988102;0;1145965817;0;0;0125;100;20141202120000;20141202120000
36043400;1;1144215234;;;;;;20141202120000
36051029;0;1144215234;0;0;0115;013;20141202120000;20141202120000
36021207;1;1146388747;;;;;;20141202120000
36051019;0;1146388747;0;0;0115;011;20141202120000;20141202120000
35996153;0;1146065875;0;0;0125;100;20141202120000;20141202120000
36041657;1;1150514925;;;;;;20141202120000
36051016;0;1150514925;0;0;0115;011;20141202120000;20141202120000
35945810;0;1133968491;2;0;0121;212;20141202120000;20141202120000
35993935;0;1138012236;0;0;0125;100;20141202120000;20141202120000
35988484;0;1147996605;0;0;0125;146;20141202120000;20141202120000
35331925;1;1139645600;;;;;;20141202120000
35984280;0;11958698353;0;0;0321;014;20141202120000;20141202120000
35994748;0;1145955390;0;0;0125;100;20141202120000;20141202120000
35989116;0;1139645600;0;0;0115;011;20141202120000;20141202120000
35986420;0;11986083408;0;0;0351;823;20141202120001;20141202120001
35997831;0;1149423138;0;0;0115;013;20141202120000;20141202120000
12491921;1;1149755741;;;;;;20141202120000
35981984;0;1149755741;0;0;0125;146;20141202120000;20141202120000
29317747;1;11964244000;;;;;;20141202120000
35945819;0;1133968494;2;0;0121;212;20141202120000;20141202120000
35987050;0;11964244000;0;0;0321;014;20141202120000;20141202120000
35821625;0;1143513319;0;0;0125;146;20141202120000;20141202120000
35733323;0;1143353501;0;0;0125;146;20141202120000;20141202120000
14341060;1;1432121194;;;;;;20141202120002
35955210;0;1432121194;0;0;0125;100;20141202120002;20141202120002
35992207;0;11987203831;0;0;0321;014;20141202120001;20141202120001
35989165;0;11967584880;0;0;0341;411;20141202120000;20141202120000
11289581;1;1155069361;;;;;;20141202120000
35984906;0;11996861710;0;0;0321;014;20141202120002;20141202120002
35721267;0;1155069361;0;0;0125;100;20141202120000;20141202120000
35996770;0;11987351411;0;0;0321;014;20141202120001;20141202120001
36034296;1;1147964523;;;;;;20141202120000
36051107;0;1147964523;0;0;0115;013;20141202120000;20141202120000
35995413;0;1144516668;0;0;0125;146;20141202120000;20141202120000
35997306;0;1144790645;0;0;0125;146;20141202120000;20141202120000
35983027;0;1141223181;0;0;0125;146;20141202120000;20141202120000
19093673;1;11993935152;;;;;;20141202120007
35997983;0;1144552922;0;0;0125;146;20141202120000;20141202120000
35988355;0;1145475655;0;0;0125;146;20141202120000;20141202120000
35852946;0;1432029377;0;0;0125;100;20141202120002;20141202120002
35949941;0;1432060178;0;0;0125;100;20141202120002;20141202120002
35983026;0;1141221558;0;0;0125;146;20141202120000;20141202120000
35945817;0;1133968493;2;0;0121;212;20141202120000;20141202120000
35945828;0;1133968496;2;0;0121;212;20141202120000;20141202120000
35945814;0;1133968492;2;0;0121;212;20141202120000;20141202120000
35984169;0;1145558384;0;0;0125;146;20141202120000;20141202120000
26257051;1;1145551668;;;;;;20141202120000
35995989;0;1145551668;0;0;0125;146;20141202120000;20141202120000
9608163;1;1145263058;;;;;;20141202120000
35997648;0;1145263058;0;0;0125;100;20141202120000;20141202120000
1169275;1;1144011519;;;;;;20141202120000
35998305;0;1144011519;0;0;0125;146;20141202120000;20141202120000
1386047;1;1144794356;;;;;;20141202120000
35987781;0;1144794356;0;0;0125;146;20141202120000;20141202120000
35102236;0;1144582245;0;0;0125;146;20141202120000;20141202120000
35945834;0;1133968497;2;0;0121;212;20141202120000;20141202120000
32053666;1;11992261124;;;;;;20141202120007
35945850;0;1133968500;2;0;0121;212;20141202120000;20141202120000
35910535;0;11950236280;0;0;0321;014;20141202120000;20141202120000
35945824;0;1133968495;2;0;0121;212;20141202120000;20141202120000
35993091;0;11968778928;0;0;0321;014;20141202120000;20141202120000
28259073;1;11970550757;;;;;;20141202120007
35911067;0;11941907408;0;0;0321;014;20141202120000;20141202120000
35969005;0;1533888764;0;0;0125;100;20141202120003;20141202120003
35996234;0;11953908752;0;0;0321;014;20141202120000;20141202120000
35966374;0;1532477393;0;0;0125;100;20141202120002;20141202120002
35994525;0;11951925715;0;0;0321;014;20141202120000;20141202120000
24887475;1;11988376983;;;;;;20141202120007
5287392;1;11991808668;;;;;;20141202120001
35983475;0;1136951078;0;0;0125;100;20141202120000;20141202120000
35996707;0;11991808668;0;0;0321;014;20141202120001;20141202120001
36010986;1;1142457397;;;;;;20141202120000
36051086;0;1142457397;0;0;0115;011;20141202120000;20141202120000
35996851;0;1532174873;0;0;0125;100;20141202120002;20141202120002
13410572;1;1141099321;;;;;;20141202120000
35991182;0;1143070329;0;0;0125;100;20141202120000;20141202120000
35865049;0;1141099321;0;0;0125;146;20141202120000;20141202120000
35817824;0;1632141535;0;0;0125;100;20141202120003;20141202120003
29281252;1;1134390421;;;;;;20141202120000
35982436;0;1134233930;0;0;0115;011;20141202120000;20141202120000
35982281;0;1134390421;0;0;0125;146;20141202120000;20141202120000
35945841;0;1133968499;2;0;0121;212;20141202120000;20141202120000
35945837;0;1133968498;2;0;0121;212;20141202120000;20141202120000
35988696;0;1135925235;0;0;0125;100;20141202120000;20141202120000
35997311;0;1533021610;0;0;0125;100;20141202120002;20141202120002
35997751;0;1145262635;0;0;0125;100;20141202120000;20141202120000
35945872;0;1133968501;2;0;0121;212;20141202120000;20141202120000
35987570;0;1135922549;0;0;0125;100;20141202120000;20141202120000
35971226;0;1134229754;0;0;0125;100;20141202120000;20141202120000
35978869;0;1532220701;0;0;0125;100;20141202120002;20141202120002
35989310;0;11984088497;0;0;0321;014;20141202120001;20141202120001
29447701;1;11985035523;;;;;;20141202120001
35992222;0;11957701500;0;0;0321;014;20141202120000;20141202120000
35992583;0;11985035523;0;0;0351;823;20141202120001;20141202120001
35809356;1;11959904154;;;;;;20141202120008
35990993;0;11984219939;0;0;0321;014;20141202120001;20141202120001
35991783;0;11984682921;0;0;0321;014;20141202120001;20141202120001
35992798;0;11981757343;0;0;0321;014;20141202120001;20141202120001
35998141;0;11986660961;0;0;0321;014;20141202120001;20141202120001
35985961;0;11986039812;0;0;0321;014;20141202120001;20141202120001
35987592;0;11986692023;0;0;0321;014;20141202120001;20141202120001
35997733;0;11981348393;0;0;0321;014;20141202120001;20141202120001
35993695;0;1136550660;0;0;0125;100;20141202120000;20141202120000
35983025;0;1141221615;0;0;0125;146;20141202120000;20141202120000
35979999;0;1135921158;0;0;0125;100;20141202120000;20141202120000
13849551;1;11993680904;;;;;;20141202120008
36003902;1;1136922626;;;;;;20141202120000
35988242;0;11998605540;0;0;0321;014;20141202120002;20141202120002
36051030;0;1136922626;0;0;0115;011;20141202120000;20141202120000
17454987;1;11991554757;;;;;;20141202120008
35964574;0;1333013322;0;0;0125;100;20141202120002;20141202120002
35994613;0;11999925710;0;0;0321;014;20141202120002;20141202120002
36041397;1;1334736094;;;;;;20141202120002
36051015;0;1334736094;0;0;0115;011;20141202120002;20141202120002
15879046;1;1432344168;;;;;;20141202120002
35981994;0;14981016049;0;0;0321;017;20141202120002;20141202120002
35830999;0;1432344168;0;0;0125;100;20141202120002;20141202120002
35850971;0;1338777624;0;0;0125;100;20141202120002;20141202120002
35984800;0;1430219491;0;0;0125;100;20141202120002;20141202120002
35979428;0;1333279052;0;0;0125;100;20141202120002;20141202120002
35997527;0;13981189184;0;0;0321;017;20141202120002;20141202120002
35991434;0;11999433067;0;0;0321;014;20141202120002;20141202120002
4904171;1;1141292156;;;;;;20141202120000
35997747;0;1141292156;0;0;0125;146;20141202120000;20141202120000
35997985;0;11984626958;0;0;0321;014;20141202120001;20141202120001
35993931;0;11995929719;0;0;0321;014;20141202120002;20141202120002
35988243;0;11998775540;0;0;0321;014;20141202120002;20141202120002
35996069;0;11998605853;0;0;0321;014;20141202120002;20141202120002
35996970;0;11997750808;0;0;0321;014;20141202120002;20141202120002
35997085;0;11996605358;0;0;0321;014;20141202120002;20141202120002
4523598;1;11997669444;;;;;;20141202120002
4162742;1;11997669537;;;;;;20141202120002
35996884;0;11997669444;0;0;0341;411;20141202120002;20141202120002
35996741;0;11997669537;0;0;0341;411;20141202120002;20141202120002
35996180;0;11996629991;0;0;0321;014;20141202120002;20141202120002
35986134;0;11998056348;0;0;0321;014;20141202120002;20141202120002
35993109;0;11959663215;0;0;0351;823;20141202120000;20141202120000
31959691;1;11965405449;;;;;;20141202120000
35996708;0;11996324485;0;0;0321;014;20141202120002;20141202120002
35997361;0;11965405449;0;0;0341;411;20141202120000;20141202120000
35991112;0;1533465652;0;0;0125;100;20141202120002;20141202120002
35447650;0;1633358417;0;0;0125;100;20141202120004;20141202120004
35996889;0;11995310077;0;0;0321;014;20141202120002;20141202120002
35978401;0;1532264173;0;0;0125;100;20141202120002;20141202120002
18104637;1;1532266460;;;;;;20141202120002
25162786;1;1532233068;;;;;;20141202120002
35983517;0;1532266460;0;0;0125;100;20141202120002;20141202120002
35984090;0;1532233068;0;0;0125;100;20141202120002;20141202120002
35991467;0;11995241033;0;0;0321;014;20141202120002;20141202120002
35565351;0;1631148400;0;0;0125;100;20141202120003;20141202120003
35997288;0;1534111232;0;0;0125;100;20141202120003;20141202120003
35985592;0;11971602792;0;0;0351;823;20141202120000;20141202120000
35917103;0;11974673423;0;0;0321;014;20141202120000;20141202120000
35987348;0;11982077724;0;0;0321;014;20141202120001;20141202120001
35987952;0;11974694545;0;0;0321;014;20141202120001;20141202120001
35997504;0;11972177989;0;0;0321;014;20141202120000;20141202120000
35316176;1;11979894790;;;;;;20141202120001
35997816;0;11979894790;0;0;0341;411;20141202120001;20141202120001
35997778;0;11975502307;0;0;0321;014;20141202120001;20141202120001
23547789;1;1335614229;;;;;;20141202120002
35995749;0;1335614229;0;0;0125;100;20141202120002;20141202120002
35973014;0;1234131425;0;0;0115;011;20141202120002;20141202120002
35993493;0;13997651063;0;0;0321;017;20141202120002;20141202120002
35985288;0;1632342758;0;0;0125;100;20141202120003;20141202120003
20433469;1;1533111917;;;;;;20141202120002
14760348;1;1633248985;;;;;;20141202120003
35980010;0;1533111917;0;0;0125;100;20141202120002;20141202120002
35752763;0;1633248985;0;0;0125;100;20141202120003;20141202120003
35552851;0;1632143577;0;0;0125;100;20141202120003;20141202120003
1446586;1;1633116582;;;;;;20141202120003
35980011;0;1633242590;0;0;0125;100;20141202120003;20141202120003
35721570;0;1633116582;0;0;0125;100;20141202120003;20141202120003
35990657;0;1633225743;0;0;0125;100;20141202120003;20141202120003
35795619;0;1633241712;0;0;0125;100;20141202120003;20141202120003
16403750;1;1633321099;;;;;;20141202120004
17127540;1;1633320719;;;;;;20141202120004
35679052;0;1633321099;0;0;0125;100;20141202120004;20141202120004
35750781;0;1633320719;0;0;0125;100;20141202120004;20141202120004
16347862;1;1633227555;;;;;;20141202120003
35393334;0;1633312025;0;0;0125;100;20141202120003;20141202120003
35717190;0;1633227555;0;0;0125;100;20141202120003;20141202120003
35983820;0;1632377737;0;0;0125;100;20141202120003;20141202120003
1973478;1;1633318654;;;;;;20141202120004
35774693;0;1633247796;0;0;0125;100;20141202120003;20141202120003
35740874;0;1633318654;0;0;0125;100;20141202120004;20141202120004
35995333;0;1633243829;0;0;0125;100;20141202120003;20141202120003
35853210;0;1633243860;0;0;0125;100;20141202120003;20141202120003
35993548;0;1633242195;0;0;0125;100;20141202120003;20141202120003
35779284;0;1632140354;0;0;0125;100;20141202120003;20141202120003
19253612;1;1633248761;;;;;;20141202120003
35571931;0;1632142421;0;0;0125;100;20141202120003;20141202120003
35738076;0;1633248761;0;0;0125;100;20141202120003;20141202120003
11964722;1;1633326375;;;;;;20141202120004
13906428;1;1633322236;;;;;;20141202120004
35985848;0;1633326375;0;0;0125;100;20141202120004;20141202120004
35253581;0;1633322236;0;0;0125;100;20141202120004;20141202120004
35766218;0;1636302546;0;0;0125;100;20141202120004;20141202120004
30566469;1;1633335399;;;;;;20141202120004
35997581;0;19988006660;0;0;0321;017;20141202120004;20141202120004
35966297;0;1633335399;0;0;0125;100;20141202120004;20141202120004
35934442;0;1633376524;0;0;0125;100;20141202120004;20141202120004
35992041;0;1633335656;0;0;0125;100;20141202120004;20141202120004
35980934;0;1921212714;0;0;0125;100;20141202120004;20141202120004
35984796;0;21994139906;0;0;0351;824;20141202120005;20141202120005
35984216;0;2737216317;0;0;0125;488;20141202120005;20141202120005
35996533;0;1633392985;0;0;0125;100;20141202120004;20141202120004
35565258;0;1633378132;0;0;0125;100;20141202120004;20141202120004
35577439;0;1633578235;0;0;0125;100;20141202120004;20141202120004
35725084;0;1633574515;0;0;0125;100;20141202120004;20141202120004
35965406;0;1933181050;0;0;0125;100;20141202120004;20141202120004
35992042;0;1633335658;0;0;0125;100;20141202120004;20141202120004
424989;1;1633362469;;;;;;20141202120004
35992993;0;21995451208;0;0;0321;018;20141202120005;20141202120005
35669778;0;1633362469;0;0;0125;100;20141202120004;20141202120004
35984168;0;21982275535;0;0;0321;018;20141202120005;20141202120005
35985342;0;21972054131;0;0;0351;824;20141202120004;20141202120004
35909415;0;2131413732;0;0;0125;101;20141202120004;20141202120004
35420865;1;2138523727;;;;;;20141202120004
36036960;0;2138523727;0;0;0131;021;20141202120004;20141202120004
14123376;1;21991138291;;;;;;20141202120010
35937784;0;1638772767;0;0;0125;100;20141202120004;20141202120004
35984026;0;1933753396;0;0;0125;100;20141202120004;20141202120004
35998346;0;1932270495;0;0;0125;100;20141202120004;20141202120004
35996108;0;1930423735;0;0;0125;100;20141202120004;20141202120004
35985494;0;17996376355;0;0;0321;017;20141202120004;20141202120004
35779578;0;1638778948;0;0;0125;100;20141202120004;20141202120004
2204987;1;1932060930;;;;;;20141202120004
35982720;0;1932060930;0;0;0125;100;20141202120004;20141202120004
35816287;1;21987369907;;;;;;20141202120005
35976399;0;21987369907;0;0;0351;824;20141202120005;20141202120005
35725851;0;1932765995;0;0;0125;100;20141202120004;20141202120004
35983478;0;1933120759;0;0;0125;100;20141202120004;20141202120004
24241812;1;1636330723;;;;;;20141202120004
35984942;0;1636330723;0;0;0125;100;20141202120004;20141202120004
35781842;0;1921217346;0;0;0125;100;20141202120004;20141202120004
35966626;0;1933072110;0;0;0125;100;20141202120004;20141202120004
35991322;0;1932434895;0;0;0125;100;20141202120004;20141202120004
35928677;0;3121289415;2;0;0215;931;20141202120005;20141202120005
3439083;1;1836224275;;;;;;20141202120010
35928681;0;3121289419;2;0;0215;931;20141202120005;20141202120005
35962765;0;1925333130;0;0;0115;011;20141202120004;20141202120004
35982155;0;19981351594;0;0;0321;017;20141202120004;20141202120004
35967656;0;1933010590;0;0;0125;100;20141202120004;20141202120004
17591705;1;19991941580;;;;;;20141202120011
35991736;0;19996145891;0;0;0321;017;20141202120004;20141202120004
35978034;0;1636297507;0;0;0125;100;20141202120004;20141202120004
35996952;0;1636235866;0;0;0125;100;20141202120004;20141202120004
35984930;0;1636257912;0;0;0125;100;20141202120004;20141202120004
35928665;0;3121289404;2;0;0215;931;20141202120005;20141202120005
35979021;0;21975908602;0;0;0351;824;20141202120004;20141202120004
35928663;0;3121289402;2;0;0215;931;20141202120005;20141202120005
35408706;0;1633973803;0;0;0125;100;20141202120004;20141202120004
35958190;0;27997820444;0;0;0321;019;20141202120005;20141202120005
35993503;0;1634728996;0;0;0125;100;20141202120004;20141202120004
35910635;0;21981032669;0;0;0321;018;20141202120004;20141202120004
26693144;1;1634430022;;;;;;20141202120004
35733987;0;1634430022;0;0;0125;100;20141202120004;20141202120004
19404960;1;1636295093;;;;;;20141202120004
35962782;0;1636295093;0;0;0125;100;20141202120004;20141202120004
35993666;0;21988000034;0;0;0321;018;20141202120005;20141202120005
35736822;0;1933926033;0;0;0125;100;20141202120004;20141202120004
35987201;0;1934254423;0;0;0125;100;20141202120004;20141202120004
35984790;0;21997605215;0;0;0321;018;20141202120005;20141202120005
35928662;0;3121289401;2;0;0215;931;20141202120005;20141202120005
36051173;0;2130666197;0;0;0121;221;20141202120004;20141202120004
21723194;1;2127114970;;;;;;20141202120004
35991544;0;21979429286;0;0;0321;018;20141202120004;20141202120004
35998076;0;2127114970;0;0;0125;101;20141202120004;20141202120004
35928664;0;3121289403;2;0;0215;931;20141202120005;20141202120005
35982896;0;27999583540;0;0;0321;019;20141202120005;20141202120005
35984366;0;21993194433;0;0;0341;421;20141202120005;20141202120005
35980240;0;2127928106;0;0;0125;101;20141202120004;20141202120004
35991034;0;2132855440;0;0;0125;101;20141202120004;20141202120004
35928666;0;3121289405;2;0;0215;931;20141202120005;20141202120005
35982637;0;21981455436;0;0;0351;824;20141202120004;20141202120004
35985344;0;21969247120;0;0;0351;824;20141202120004;20141202120004
9160340;1;21981678549;;;;;;20141202120005
3199443;1;21993964074;;;;;;20141202120011
35994510;0;21979223879;0;0;0321;018;20141202120004;20141202120004
35991902;0;2733325601;0;0;0125;488;20141202120005;20141202120005
35994451;0;21981678549;0;0;0321;018;20141202120005;20141202120005
35928669;0;3121289408;2;0;0215;931;20141202120005;20141202120005
35928667;0;3121289406;2;0;0215;931;20141202120005;20141202120005
35982489;0;2227322170;0;0;0125;101;20141202120005;20141202120005
35928678;0;3121289416;2;0;0215;931;20141202120005;20141202120005
35984195;0;2227249462;0;0;0125;101;20141202120005;20141202120005
35928675;0;3121289413;2;0;0215;931;20141202120005;20141202120005
35928688;0;3121289426;2;0;0215;931;20141202120005;20141202120005
35928682;0;3121289420;2;0;0215;931;20141202120005;20141202120005
35985452;0;2733593837;0;0;0125;488;20141202120005;20141202120005
35689835;0;2127041401;0;0;0125;101;20141202120004;20141202120004
35670818;1;2227626923;;;;;;20141202120011
35928668;0;3121289407;2;0;0215;931;20141202120005;20141202120005
35928673;0;3121289411;2;0;0215;931;20141202120005;20141202120005
35986980;0;1932670045;0;0;0125;100;20141202120004;20141202120004
35987787;0;1933181531;0;0;0125;100;20141202120004;20141202120004
35998140;0;1933272212;0;0;0125;100;20141202120004;20141202120004
35992816;0;1933425555;0;0;0125;100;20141202120004;20141202120004
35928670;0;3121289409;2;0;0215;931;20141202120005;20141202120005
35736823;0;1933926032;0;0;0125;100;20141202120004;20141202120004
35984297;0;1933292856;0;0;0125;100;20141202120004;20141202120004
35928671;0;3121289410;2;0;0215;931;20141202120005;20141202120005
10866776;1;1933849259;;;;;;20141202120004
35984196;0;2227341014;0;0;0125;101;20141202120005;20141202120005
35982164;0;1933849259;0;0;0125;100;20141202120004;20141202120004
35988492;0;21999188298;0;0;0321;018;20141202120005;20141202120005
35928698;0;3121289436;2;0;0215;931;20141202120005;20141202120005
35983231;0;21997794399;0;0;0321;018;20141202120005;20141202120005
35983965;0;2227239206;0;0;0125;101;20141202120005;20141202120005
35665994;0;2227230378;0;0;0125;101;20141202120005;20141202120005
35991627;0;27999326173;0;0;0321;019;20141202120005;20141202120005
35989038;0;2732641333;0;0;0125;488;20141202120005;20141202120005
35928674;0;3121289412;2;0;0215;931;20141202120005;20141202120005
35928676;0;3121289414;2;0;0215;931;20141202120005;20141202120005
36036669;0;2137032276;0;0;0131;021;20141202120004;20141202120004
36036480;0;2137193091;0;0;0131;021;20141202120004;20141202120004
35980246;0;2737222519;0;0;0125;488;20141202120005;20141202120005
35982131;0;24999666565;0;0;0321;018;20141202120005;20141202120005
35998539;0;2733323034;0;0;0125;488;20141202120005;20141202120005
35984262;0;2137739094;0;0;0125;101;20141202120004;20141202120004
35985672;0;21964496037;0;0;0321;018;20141202120004;20141202120004
35910854;0;21964137510;0;0;0321;018;20141202120004;20141202120004
35928679;0;3121289417;2;0;0215;931;20141202120005;20141202120005
35992130;0;2732181393;0;0;0125;488;20141202120005;20141202120005
35928683;0;3121289421;2;0;0215;931;20141202120005;20141202120005
35991688;0;2733256099;0;0;0125;488;20141202120005;20141202120005
35983435;0;2230157062;0;0;0125;101;20141202120005;20141202120005
35996135;0;2733252095;0;0;0125;488;20141202120005;20141202120005
35928686;0;3121289424;2;0;0215;931;20141202120005;20141202120005
35928685;0;3121289423;2;0;0215;931;20141202120005;20141202120005
35928687;0;3121289425;2;0;0215;931;20141202120005;20141202120005
35987276;0;2732364275;0;0;0125;488;20141202120005;20141202120005
35928661;0;3121289400;2;0;0215;931;20141202120005;20141202120005
35997343;0;2733247501;0;0;0125;488;20141202120005;20141202120005
35928684;0;3121289422;2;0;0215;931;20141202120005;20141202120005
35995926;0;1932918599;0;0;0125;100;20141202120004;20141202120004
24602233;1;19992097035;;;;;;20141202120012
35968556;0;2121350449;0;0;0125;101;20141202120004;20141202120004
35986401;0;19991218543;0;0;0341;411;20141202120004;20141202120004
35987448;0;19971173214;0;0;0321;017;20141202120004;20141202120004
35928680;0;3121289418;2;0;0215;931;20141202120005;20141202120005
35987788;0;1933181536;0;0;0125;100;20141202120004;20141202120004
35928729;0;3121289467;2;0;0215;931;20141202120006;20141202120006
35992142;0;19997348466;0;0;0321;017;20141202120004;20141202120004
35928694;0;3121289432;2;0;0215;931;20141202120005;20141202120005
36050884;0;2121683972;0;0;0121;221;20141202120004;20141202120004
35988508;0;3187914042;0;0;0341;076;20141202120007;20141202120007
35987361;0;2126111585;0;0;0125;101;20141202120004;20141202120004
27627427;1;2126105565;;;;;;20141202120004
35928731;0;3121289469;2;0;0215;931;20141202120006;20141202120006
35928735;0;3121289473;2;0;0215;931;20141202120006;20141202120006
35928733;0;3121289471;2;0;0215;931;20141202120006;20141202120006
35743691;0;2126105565;0;0;0125;101;20141202120004;20141202120004
35928730;0;3121289468;2;0;0215;931;20141202120006;20141202120006
35928734;0;3121289472;2;0;0215;931;20141202120006;20141202120006
35928726;0;3121289464;2;0;0215;931;20141202120006;20141202120006
35928728;0;3121289466;2;0;0215;931;20141202120006;20141202120006
35928689;0;3121289427;2;0;0215;931;20141202120005;20141202120005
35928727;0;3121289465;2;0;0215;931;20141202120006;20141202120006
35928693;0;3121289431;2;0;0215;931;20141202120005;20141202120005
35928695;0;3121289433;2;0;0215;931;20141202120005;20141202120005
35928691;0;3121289429;2;0;0215;931;20141202120005;20141202120005
35928692;0;3121289430;2;0;0215;931;20141202120005;20141202120005
35928690;0;3121289428;2;0;0215;931;20141202120005;20141202120005
35928699;0;3121289437;2;0;0215;931;20141202120005;20141202120005
35986382;0;3138252183;0;0;0125;102;20141202120007;20141202120007
34512205;1;3199715436;;;;;;20141202120007
35928697;0;3121289435;2;0;0215;931;20141202120005;20141202120005
35987153;0;3138246975;0;0;0125;102;20141202120007;20141202120007
35982270;0;3199715436;0;0;0321;430;20141202120007;20141202120007
35928700;0;3121289438;2;0;0215;931;20141202120005;20141202120005
35928724;0;3121289462;2;0;0215;931;20141202120006;20141202120006
35984192;0;3135811714;2;0;0112;355;20141202120007;20141202120007
35928696;0;3121289434;2;0;0215;931;20141202120005;20141202120005
35928722;0;3121289460;2;0;0215;931;20141202120006;20141202120006
35928717;0;3121289455;2;0;0215;931;20141202120006;20141202120006
35928718;0;3121289456;2;0;0215;931;20141202120006;20141202120006
35928760;0;3121289498;2;0;0215;931;20141202120007;20141202120007
35928743;0;3121289481;2;0;0215;931;20141202120007;20141202120007
35928714;0;3121289452;2;0;0215;931;20141202120006;20141202120006
35928721;0;3121289459;2;0;0215;931;20141202120006;20141202120006
35928725;0;3121289463;2;0;0215;931;20141202120006;20141202120006
35928719;0;3121289457;2;0;0215;931;20141202120006;20141202120006
35928723;0;3121289461;2;0;0215;931;20141202120006;20141202120006
35928740;0;3121289478;2;0;0215;931;20141202120006;20141202120006
35928705;0;3121289443;2;0;0215;931;20141202120006;20141202120006
35928706;0;3121289444;2;0;0215;931;20141202120006;20141202120006
35928704;0;3121289442;2;0;0215;931;20141202120006;20141202120006
35928701;0;3121289439;2;0;0215;931;20141202120006;20141202120006
35928720;0;3121289458;2;0;0215;931;20141202120006;20141202120006
35928703;0;3121289441;2;0;0215;931;20141202120006;20141202120006
35928702;0;3121289440;2;0;0215;931;20141202120006;20141202120006
35928712;0;3121289450;2;0;0215;931;20141202120006;20141202120006
35928707;0;3121289445;2;0;0215;931;20141202120006;20141202120006
35928709;0;3121289447;2;0;0215;931;20141202120006;20141202120006
35928708;0;3121289446;2;0;0215;931;20141202120006;20141202120006
35928711;0;3121289449;2;0;0215;931;20141202120006;20141202120006
35928713;0;3121289451;2;0;0215;931;20141202120006;20141202120006
35903500;0;3496388768;0;0;0321;430;20141202120008;20141202120008
35928710;0;3121289448;2;0;0215;931;20141202120006;20141202120006
35928716;0;3121289454;2;0;0215;931;20141202120006;20141202120006
35928715;0;3121289453;2;0;0215;931;20141202120006;20141202120006
35886037;0;4130779778;0;0;0143;541;20141202120008;20141202120008
35988511;0;3187916636;0;0;0341;076;20141202120007;20141202120007
35928732;0;3121289470;2;0;0215;931;20141202120006;20141202120006
35928738;0;3121289476;2;0;0215;931;20141202120006;20141202120006
35928739;0;3121289477;2;0;0215;931;20141202120006;20141202120006
35928737;0;3121289475;2;0;0215;931;20141202120006;20141202120006
35928741;0;3121289479;2;0;0215;931;20141202120007;20141202120007
35986988;0;3138216110;0;0;0125;102;20141202120007;20141202120007
35928736;0;3121289474;2;0;0215;931;20141202120006;20141202120006
35988504;0;3187914026;0;0;0341;076;20141202120007;20141202120007
35928745;0;3121289483;2;0;0215;931;20141202120007;20141202120007
35928746;0;3121289484;2;0;0215;931;20141202120007;20141202120007
35928747;0;3121289485;2;0;0215;931;20141202120007;20141202120007
35928744;0;3121289482;2;0;0215;931;20141202120007;20141202120007
35928742;0;3121289480;2;0;0215;931;20141202120007;20141202120007
35988509;0;3187914043;0;0;0341;076;20141202120007;20141202120007
35988505;0;3187914027;0;0;0341;076;20141202120007;20141202120007
35993681;0;3184535500;0;0;0341;076;20141202120007;20141202120007
35988507;0;3187914041;0;0;0341;076;20141202120007;20141202120007
35928749;0;3121289487;2;0;0215;931;20141202120007;20141202120007
35984356;0;4132781513;0;0;0125;141;20141202120008;20141202120008
35985854;0;3196610705;0;0;0321;430;20141202120007;20141202120007
35894758;0;4130189429;0;0;0143;541;20141202120008;20141202120008
35986894;0;3196630667;0;0;0341;076;20141202120007;20141202120007
35982556;0;3199197194;0;0;0321;430;20141202120007;20141202120007
32195797;1;3198690103;;;;;;20141202120007
35982444;0;3332214040;0;0;0125;102;20141202120007;20141202120007
32547913;1;3194276680;;;;;;20141202120007
35928748;0;3121289486;2;0;0215;931;20141202120007;20141202120007
35993140;0;3198690103;0;0;0321;430;20141202120007;20141202120007
35986605;0;3332710139;0;0;0125;102;20141202120008;20141202120008
35984878;0;3194276680;0;0;0321;430;20141202120007;20141202120007
35928750;0;3121289488;2;0;0215;931;20141202120007;20141202120007
35928761;0;3121289499;2;0;0215;931;20141202120007;20141202120007
35988482;0;3187264383;0;0;0341;076;20141202120007;20141202120007
35993598;0;3131594795;0;0;0125;102;20141202120007;20141202120007
35987394;0;3138234274;0;0;0125;102;20141202120007;20141202120007
35982721;0;3138423347;0;0;0125;102;20141202120007;20141202120007
35928752;0;3121289490;2;0;0215;931;20141202120007;20141202120007
35992825;0;3491570771;0;0;0321;430;20141202120008;20141202120008
35983021;0;3138231959;0;0;0125;102;20141202120007;20141202120007
35984381;0;3491960399;0;0;0312;034;20141202120008;20141202120008
35982548;0;3332251537;0;0;0125;102;20141202120008;20141202120008
35985310;0;3135312919;0;0;0125;102;20141202120007;20141202120007
35928758;0;3121289496;2;0;0215;931;20141202120007;20141202120007
35928751;0;3121289489;2;0;0215;931;20141202120007;20141202120007
35995975;0;3496705641;0;0;0321;430;20141202120008;20141202120008
35988506;0;3187914031;0;0;0341;076;20141202120007;20141202120007
35928756;0;3121289494;2;0;0215;931;20141202120007;20141202120007
4909491;1;3133826281;;;;;;20141202120007
35928754;0;3121289492;2;0;0215;931;20141202120007;20141202120007
35997848;0;3134112890;0;0;0125;102;20141202120007;20141202120007
35928753;0;3121289491;2;0;0215;931;20141202120007;20141202120007
35988928;0;3133826281;0;0;0125;102;20141202120007;20141202120007
35928757;0;3121289495;2;0;0215;931;20141202120007;20141202120007
16359734;1;3134516440;;;;;;20141202120007
35991794;0;3138233070;0;0;0125;102;20141202120007;20141202120007
35994894;0;3138233693;0;0;0125;102;20141202120007;20141202120007
35997487;0;3138231258;0;0;0125;102;20141202120007;20141202120007
35994764;0;3134516440;0;0;0125;102;20141202120007;20141202120007
35982276;0;3332737410;0;0;0125;102;20141202120008;20141202120008
35980116;0;4133451623;0;0;0125;141;20141202120008;20141202120008
35928755;0;3121289493;2;0;0215;931;20141202120007;20141202120007
35928759;0;3121289497;2;0;0215;931;20141202120007;20141202120007
35990928;0;3135944831;0;0;0125;102;20141202120007;20141202120007
35988510;0;3187916623;0;0;0341;076;20141202120007;20141202120007
35984512;0;3191476154;0;0;0321;430;20141202120007;20141202120007
35969133;0;3132011103;0;0;0125;102;20141202120007;20141202120007
35991099;0;3193212467;0;0;0321;430;20141202120007;20141202120007
35989125;0;3598375878;0;0;0321;430;20141202120008;20141202120008
35989123;0;3598262881;0;0;0321;430;20141202120008;20141202120008
345062;1;3192510512;;;;;;20141202120015
35982318;0;3189563982;0;0;0321;430;20141202120007;20141202120007
35985600;0;3191110909;0;0;0321;430;20141202120007;20141202120007
35992245;0;4136795182;0;0;0125;141;20141202120008;20141202120008
35992559;0;3491236547;0;0;0321;430;20141202120008;20141202120008
35982729;0;3332253097;0;0;0125;102;20141202120008;20141202120008
35988687;0;4132268820;0;0;0125;141;20141202120008;20141202120008
35988391;0;3332731172;0;0;0125;102;20141202120008;20141202120008
35982583;0;3492230776;0;0;0321;430;20141202120008;20141202120008
35859546;1;3591757788;;;;;;20141202120015
31251243;1;4130810384;;;;;;20141202120015
33470763;1;4136539909;;;;;;20141202120008
35992676;0;4584053196;0;0;0321;441;20141202120009;20141202120009
35993518;0;4136539909;0;0;0125;141;20141202120008;20141202120008
35984147;0;4232271519;0;0;0125;141;20141202120009;20141202120009
35982970;0;4733440151;0;0;0125;147;20141202120009;20141202120009
35989124;0;3598280874;0;0;0321;430;20141202120008;20141202120008
35980357;0;4733497862;0;0;0125;147;20141202120009;20141202120009
28766853;1;4199213986;;;;;;20141202120008
35987951;0;4132054284;0;0;0125;141;20141202120008;20141202120008
35984904;0;4199213986;0;0;0321;441;20141202120008;20141202120008
35985974;0;3332772797;0;0;0125;102;20141202120008;20141202120008
35984027;0;3432422787;0;0;0112;355;20141202120008;20141202120008
35984402;0;3138231338;0;0;0125;102;20141202120007;20141202120007
35996820;0;4132825306;0;0;0125;141;20141202120008;20141202120008
28766865;1;4199322021;;;;;;20141202120009
35984809;0;4199322021;0;0;0321;441;20141202120009;20141202120009
35992423;0;3134515230;0;0;0125;102;20141202120007;20141202120007
36036868;0;3133822121;0;0;0131;031;20141202120007;20141202120007
35980308;0;3133093475;0;0;0125;102;20141202120007;20141202120007
35985989;0;3135327197;0;0;0125;102;20141202120007;20141202120007
35996078;0;3135324634;0;0;0125;102;20141202120007;20141202120007
35969132;0;3132013366;0;0;0125;102;20141202120007;20141202120007
6583487;1;4132567333;;;;;;20141202120008
35995055;0;4132567333;0;0;0125;141;20141202120008;20141202120008
35982478;0;3492345619;0;0;0321;430;20141202120008;20141202120008
35994436;0;4132495094;0;0;0125;141;20141202120008;20141202120008
35994287;0;4132580064;0;0;0125;141;20141202120008;20141202120008
35984066;0;3432417152;0;0;0112;355;20141202120008;20141202120008
35982116;0;4532777366;0;0;0125;141;20141202120009;20141202120009
23282058;1;4730453318;;;;;;20141202120009
35983388;0;3491569232;0;0;0321;430;20141202120008;20141202120008
35991699;0;4535248726;0;0;0125;141;20141202120009;20141202120009
35996748;0;4732321463;0;0;0125;147;20141202120009;20141202120009
35992413;0;4730453318;0;0;0125;147;20141202120009;20141202120009
35980090;0;4535240443;0;0;0125;141;20141202120009;20141202120009
35990529;0;3898091496;0;0;0321;430;20141202120008;20141202120008
35980216;0;4132791597;0;0;0125;141;20141202120008;20141202120008
32850039;1;4132265421;;;;;;20141202120008
35982051;0;4236265373;0;0;0125;141;20141202120009;20141202120009
35907886;0;4132265421;0;0;0121;241;20141202120008;20141202120008
35983188;0;4232387340;0;0;0125;141;20141202120009;20141202120009
35984155;0;4132472268;0;0;0125;141;20141202120008;20141202120008
35994664;0;4133423445;0;0;0125;141;20141202120008;20141202120008
35987313;0;4132449488;0;0;0125;141;20141202120008;20141202120008
35988887;0;4234223804;0;0;0143;541;20141202120009;20141202120009
35979965;0;4432696133;0;0;0125;141;20141202120009;20141202120009
35954191;0;4532263646;2;0;0125;141;20141202120009;20141202120009
35991068;0;4836261414;0;0;0125;147;20141202120010;20141202120010
35993302;0;4432448156;0;0;0125;141;20141202120009;20141202120009
35984125;0;3432428657;0;0;0112;355;20141202120008;20141202120008
35987628;0;4433460933;0;0;0125;141;20141202120009;20141202120009
35988691;0;3591113348;0;0;0321;430;20141202120008;20141202120008
33535684;1;4797710202;;;;;;20141202120016
33535682;1;4797710200;;;;;;20141202120016
35987625;0;4434236316;0;0;0125;141;20141202120009;20141202120009
35982138;0;4532239364;0;0;0125;141;20141202120009;20141202120009
35954192;0;4532263171;2;0;0125;141;20141202120009;20141202120009
35998172;0;4236226667;0;0;0125;141;20141202120009;20141202120009
33535677;1;4797710101;;;;;;20141202120017
33535676;1;4797710100;;;;;;20141202120017
33535683;1;4797710201;;;;;;20141202120017
33535681;1;4797710123;;;;;;20141202120017
33535675;1;4797710099;;;;;;20141202120017
33535680;1;4797710111;;;;;;20141202120017
35988809;0;4733411435;0;0;0125;147;20141202120009;20141202120009
33535673;1;4797710077;;;;;;20141202120017
34189462;1;4732415178;;;;;;20141202120009
35987227;0;4132962632;0;0;0125;141;20141202120008;20141202120008
35995771;0;4187160400;0;0;0341;040;20141202120008;20141202120008
35991729;0;4135646643;0;0;0125;141;20141202120008;20141202120008
35987159;0;4136434731;0;0;0181;802;20141202120008;20141202120008
35986929;0;4732415178;0;0;0125;147;20141202120009;20141202120009
35984024;0;4133332853;0;0;0125;141;20141202120008;20141202120008
35986845;0;4133576599;0;0;0125;141;20141202120008;20141202120008
35995073;0;4133472213;0;0;0125;141;20141202120008;20141202120008
35808750;0;4136422994;0;0;0125;141;20141202120008;20141202120008
35990662;0;4136982565;0;0;0125;141;20141202120008;20141202120008
35986532;0;4133844039;0;0;0125;141;20141202120008;20141202120008
35989204;0;4135510346;0;0;0125;141;20141202120008;20141202120008
33535663;1;4797710004;;;;;;20141202120017
35994796;0;4133836294;0;0;0125;141;20141202120008;20141202120008
35992424;0;4133578671;0;0;0125;141;20141202120008;20141202120008
28546351;1;4133728793;;;;;;20141202120008
35987585;0;4136420757;0;0;0125;141;20141202120008;20141202120008
35997275;0;4136213962;0;0;0125;141;20141202120008;20141202120008
35988234;0;4133728793;0;0;0125;141;20141202120008;20141202120008
35983392;0;4136212904;0;0;0125;141;20141202120008;20141202120008
35994877;0;4136673549;0;0;0125;141;20141202120008;20141202120008
35998385;0;4733679477;0;0;0125;147;20141202120009;20141202120009
35991935;0;4733664262;0;0;0125;147;20141202120009;20141202120009
33535694;1;4797710333;;;;;;20141202120017
35981655;0;4733681882;0;0;0125;147;20141202120009;20141202120009
33535690;1;4797710302;;;;;;20141202120017
33535686;1;4797710220;;;;;;20141202120017
33535688;1;4797710246;;;;;;20141202120017
33535685;1;4797710203;;;;;;20141202120017
35997095;0;4133934453;0;0;0125;141;20141202120008;20141202120008
33535687;1;4797710222;;;;;;20141202120017
35985738;0;4733714374;0;0;0125;147;20141202120009;20141202120009
35993145;0;4796604066;0;0;0321;447;20141202120009;20141202120009
35993742;0;4734373378;0;0;0125;147;20141202120009;20141202120009
35986462;0;4135761051;0;0;0125;141;20141202120008;20141202120008
35992744;0;4733702932;0;0;0125;147;20141202120009;20141202120009
35985267;0;4791070007;0;0;0321;447;20141202120009;20141202120009
31164393;1;4734366946;;;;;;20141202120009
35994118;0;4734661166;0;0;0125;147;20141202120009;20141202120009
35983748;0;4734366946;0;0;0125;147;20141202120009;20141202120009
33535693;1;4797710330;;;;;;20141202120017
35990850;0;4784000938;0;0;0321;447;20141202120009;20141202120009
33535674;1;4797710088;;;;;;20141202120018
33535689;1;4797710300;;;;;;20141202120018
35980060;0;4932251333;0;0;0125;147;20141202120010;20141202120010
35990709;0;4933284179;0;0;0125;147;20141202120010;20141202120010
35990799;0;4984276695;0;0;0341;046;20141202120010;20141202120010
21612710;1;4884071155;;;;;;20141202120010
21612735;1;4899199719;;;;;;20141202120010
35947940;0;4884071155;0;0;0321;447;20141202120010;20141202120010
35947767;0;4899199719;0;0;0321;447;20141202120010;20141202120010
35990768;0;4984274541;0;0;0341;046;20141202120010;20141202120010
35993128;0;4799897299;0;0;0321;447;20141202120010;20141202120010
35990802;0;4984378674;0;0;0341;046;20141202120010;20141202120010
35990800;0;4984278389;0;0;0341;046;20141202120010;20141202120010
35990801;0;4984378565;0;0;0341;046;20141202120010;20141202120010
35994568;0;4999664877;0;0;0321;447;20141202120010;20141202120010
35997013;0;5182516739;0;0;0321;006;20141202120011;20141202120011
35996426;0;5134753370;0;0;0125;151;20141202120011;20141202120011
33299880;1;5130616177;;;;;;20141202120018
35987319;0;5130953387;0;0;0181;804;20141202120010;20141202120010
35986927;0;6733934728;0;0;0125;167;20141202120011;20141202120011
35969081;0;6235866067;0;0;0125;162;20141202120011;20141202120011
33535691;1;4797710303;;;;;;20141202120018
35988166;0;5134461161;0;0;0125;151;20141202120011;20141202120011
27530391;1;5130373136;;;;;;20141202120018
35983471;0;5133993090;0;0;0125;151;20141202120011;20141202120011
35992796;0;8181625531;0;0;0321;023;20141202120011;20141202120011
24679583;1;5491045000;;;;;;20141202120018
35992657;0;4933232241;0;0;0125;147;20141202120010;20141202120010
35980052;0;4832485946;0;0;0125;147;20141202120010;20141202120010
35991090;0;4933240291;0;0;0125;147;20141202120010;20141202120010
35985962;0;4933236271;0;0;0125;147;20141202120010;20141202120010
35995450;0;5584035418;0;0;0341;451;20141202120011;20141202120011
35991696;0;7932111388;0;0;0125;477;20141202120011;20141202120011
17625487;1;4933243408;;;;;;20141202120010
6290234;1;4799054353;;;;;;20141202120018
35996009;0;4933243408;0;0;0125;147;20141202120010;20141202120010
35996257;0;8181237844;0;0;0321;023;20141202120011;20141202120011
35993206;0;8182195546;0;0;0321;023;20141202120011;20141202120011
35984246;0;7932145744;0;0;0125;477;20141202120011;20141202120011
35996476;0;8182819330;0;0;0321;023;20141202120012;20141202120012
35990803;0;4984378675;0;0;0341;046;20141202120010;20141202120010
35993663;0;8182485562;0;0;0321;023;20141202120012;20141202120012
35993252;0;8182344851;0;0;0321;023;20141202120012;20141202120012
35996272;0;8182719818;0;0;0321;023;20141202120012;20141202120012
35890467;0;5132238630;0;0;0125;151;20141202120010;20141202120010
35990798;0;4984276220;0;0;0341;046;20141202120010;20141202120010
35983855;0;5134851704;0;0;0125;151;20141202120011;20141202120011
35993529;0;8182164256;0;0;0321;023;20141202120011;20141202120011
35993770;0;8182455698;0;0;0321;023;20141202120012;20141202120012
35979949;0;6235410233;0;0;0125;162;20141202120011;20141202120011
35995485;0;5584040272;0;0;0341;451;20141202120011;20141202120011
13796573;1;5198008680;;;;;;20141202120011
35993930;0;5133076596;0;0;0125;151;20141202120011;20141202120011
35996756;0;5198008680;0;0;0321;006;20141202120011;20141202120011
35986861;0;5496132936;0;0;0321;006;20141202120011;20141202120011
3629894;1;6239425050;;;;;;20141202120011
35988503;0;5134460751;0;0;0125;151;20141202120011;20141202120011
35965379;0;6239425050;0;0;0125;162;20141202120011;20141202120011
35982759;0;7133471305;0;0;0125;387;20141202120011;20141202120011
35992523;0;7932140881;0;0;0125;477;20141202120011;20141202120011
35697946;0;4833486355;2;0;0125;147;20141202120010;20141202120010
35991687;0;4933285321;0;0;0125;147;20141202120010;20141202120010
35990797;0;4984276218;0;0;0341;046;20141202120010;20141202120010
35997194;0;4933292743;0;0;0125;147;20141202120010;20141202120010
35995101;0;4933291443;0;0;0125;147;20141202120010;20141202120010
35996162;0;4899509111;0;0;0321;447;20141202120010;20141202120010
35998582;0;4933240571;0;0;0125;147;20141202120010;20141202120010
35982477;0;5198177806;0;0;0341;451;20141202120011;20141202120011
35996909;0;7133061903;0;0;0125;387;20141202120011;20141202120011
35991120;0;5434518632;0;0;0125;151;20141202120011;20141202120011
35191899;1;5185556666;;;;;;20141202120011
18802186;1;7133361534;;;;;;20141202120011
35988248;0;7133361534;0;0;0125;387;20141202120011;20141202120011
35986684;0;5185556666;0;0;0321;006;20141202120011;20141202120011
35997988;0;7133452845;0;0;0125;387;20141202120011;20141202120011
35983589;0;7133781215;0;0;0125;387;20141202120011;20141202120011
35995433;0;8182541163;0;0;0321;023;20141202120012;20141202120012
35991698;0;7932116825;0;0;0125;477;20141202120011;20141202120011
35993974;0;7598850172;0;0;0341;074;20141202120011;20141202120011
35965381;0;6232825016;0;0;0125;162;20141202120011;20141202120011
35985833;0;7932149255;0;0;0125;477;20141202120011;20141202120011
5925700;1;6239421010;;;;;;20141202120011
35991174;0;6232083563;0;0;0125;162;20141202120011;20141202120011
35965380;0;6239421010;0;0;0125;162;20141202120011;20141202120011
35988349;0;6235872017;0;0;0125;162;20141202120011;20141202120011
35993942;0;7930417113;0;0;0125;477;20141202120011;20141202120011
35995486;0;5584180300;0;0;0341;451;20141202120011;20141202120011
35993463;0;6536445688;0;0;0125;165;20141202120011;20141202120011
35995487;0;5584290160;0;0;0341;451;20141202120011;20141202120011
35995488;0;5584360037;0;0;0341;451;20141202120011;20141202120011
35993625;0;7188993740;0;0;0341;074;20141202120011;20141202120011
35996327;0;8183558511;0;0;0321;023;20141202120012;20141202120012
35994989;0;8183533164;0;0;0321;023;20141202120012;20141202120012
23601519;1;6132014499;;;;;;20141202120019
35971843;0;6232429016;0;0;0125;162;20141202120011;20141202120011
35995416;0;8184157629;0;0;0321;023;20141202120012;20141202120012
35979858;0;6733018113;0;0;0114;067;20141202120011;20141202120011
1374125;1;6230938341;;;;;;20141202120019
35990582;0;6232807800;0;0;0125;162;20141202120011;20141202120011
35995861;0;8183205927;0;0;0321;023;20141202120012;20141202120012
35982951;0;5135866427;0;0;0125;151;20141202120011;20141202120011
35992693;0;8181162546;0;0;0321;023;20141202120011;20141202120011
27405885;1;6133771416;;;;;;20141202120011
35993132;0;6133771416;0;0;0125;161;20141202120011;20141202120011
35985417;0;5132372399;0;0;0125;151;20141202120011;20141202120011
35998585;0;5133334735;0;0;0125;151;20141202120011;20141202120011
35983195;0;5135957878;0;0;0125;151;20141202120011;20141202120011
35982601;0;5198177808;0;0;0341;451;20141202120011;20141202120011
12547686;1;5133627681;;;;;;20141202120011
35998587;0;7134842909;0;0;0125;387;20141202120011;20141202120011
35988252;0;5133627681;0;0;0125;151;20141202120011;20141202120011
35990663;0;7132356997;0;0;0125;387;20141202120011;20141202120011
31355266;1;5133434680;;;;;;20141202120011
35988491;0;5196664000;0;0;0321;006;20141202120011;20141202120011
35995945;0;8134220281;0;0;0125;389;20141202120011;20141202120011
35964362;0;5133434680;0;0;0125;151;20141202120011;20141202120011
35991556;0;5195959147;0;0;0321;006;20141202120011;20141202120011
35993147;0;5186561971;0;0;0341;451;20141202120011;20141202120011
35992931;0;6734221973;0;0;0125;167;20141202120011;20141202120011
35985597;0;7132308716;0;0;0125;387;20141202120011;20141202120011
35980284;0;7932511090;0;0;0125;477;20141202120011;20141202120011
35994417;0;6733841916;0;0;0125;167;20141202120011;20141202120011
35984348;0;7132137836;0;0;0125;387;20141202120011;20141202120011
35553069;1;8130310553;;;;;;20141202120020
27172548;1;6730433977;;;;;;20141202120020
31645780;1;8134213886;;;;;;20141202120011
35993893;0;8184546024;0;0;0321;023;20141202120012;20141202120012
35996750;0;8134213886;0;0;0125;389;20141202120011;20141202120011
35993698;0;8184298603;0;0;0321;023;20141202120012;20141202120012
35996150;0;8186978424;0;0;0321;023;20141202120012;20141202120012
35997529;0;6133720269;0;0;0125;161;20141202120011;20141202120011
35994527;0;8184561760;0;0;0321;023;20141202120012;20141202120012
35980173;0;6232460585;0;0;0125;162;20141202120011;20141202120011
35995180;0;8185590019;0;0;0321;023;20141202120012;20141202120012
24250332;1;6130337031;;;;;;20141202120020
35992455;0;6135626960;0;0;0125;161;20141202120011;20141202120011
35982935;0;6235945589;0;0;0125;162;20141202120011;20141202120011
35996733;0;6992438974;0;0;0341;469;20141202120011;20141202120011
35991053;0;7132300604;0;0;0125;387;20141202120011;20141202120011
35997546;0;6733858235;0;0;0125;167;20141202120011;20141202120011
31906139;1;6733049768;;;;;;20141202120011
35992235;0;7121373440;0;0;0125;387;20141202120011;20141202120011
35996126;0;8184421967;0;0;0321;023;20141202120012;20141202120012
35992932;0;6734221308;0;0;0125;167;20141202120011;20141202120011
35986588;0;6733049768;0;0;0125;167;20141202120011;20141202120011
35997855;0;92991129300;0;0;0321;493;20141202120014;20141202120014
29620968;1;6230931483;;;;;;20141202120011
35996242;0;8186480014;0;0;0321;023;20141202120012;20141202120012
35992997;0;6230931483;0;0;0125;162;20141202120011;20141202120011
35990811;0;6133931850;0;0;0125;161;20141202120011;20141202120011
35988736;0;8532872692;0;0;0125;388;20141202120014;20141202120014
35982561;0;8532698539;0;0;0125;388;20141202120013;20141202120013
35995792;0;8186533527;0;0;0321;023;20141202120012;20141202120012
35988192;0;98996084137;0;0;0321;499;20141202120014;20141202120014
35996015;0;8186647169;0;0;0321;023;20141202120012;20141202120012
35992865;0;8186578514;0;0;0321;023;20141202120012;20141202120012
35985606;0;8532230854;0;0;0125;388;20141202120013;20141202120013
35996210;0;8186458322;0;0;0321;023;20141202120012;20141202120012
35995827;0;8186162173;0;0;0321;023;20141202120012;20141202120012
35994892;0;8185739804;0;0;0321;023;20141202120012;20141202120012
35996445;0;8187876404;0;0;0321;023;20141202120012;20141202120012
35994964;0;8187450066;0;0;0321;023;20141202120012;20141202120012
35995869;0;8187969716;0;0;0321;023;20141202120012;20141202120012
35994871;0;8187451960;0;0;0321;023;20141202120012;20141202120012
35995895;0;8187880951;0;0;0321;023;20141202120012;20141202120012
35996104;0;8187351070;0;0;0321;023;20141202120012;20141202120012
35996430;0;8188198523;0;0;0321;023;20141202120012;20141202120012
35995905;0;8186289524;0;0;0321;023;20141202120012;20141202120012
35994479;0;8188041329;0;0;0321;023;20141202120012;20141202120012
35994501;0;8185548983;0;0;0321;023;20141202120012;20141202120012
35992806;0;8494059455;0;0;0341;089;20141202120013;20141202120013
35995212;0;8196543330;0;0;0321;023;20141202120013;20141202120013
35992838;0;8185554892;0;0;0321;023;20141202120012;20141202120012
35993139;0;8184792236;0;0;0321;023;20141202120012;20141202120012
35991733;0;8532846547;0;0;0125;388;20141202120013;20141202120013
35995592;0;8188426710;0;0;0321;023;20141202120012;20141202120012
35988812;0;8532487147;0;0;0125;388;20141202120013;20141202120013
35995478;0;8186194812;0;0;0321;023;20141202120012;20141202120012
35986018;0;8532412123;0;0;0125;388;20141202120013;20141202120013
35995982;0;8188984170;0;0;0321;023;20141202120013;20141202120013
35992721;0;8188967378;0;0;0321;023;20141202120012;20141202120012
35991041;0;8233420480;0;0;0125;464;20141202120013;20141202120013
35992988;0;8187106370;0;0;0321;023;20141202120012;20141202120012
35992953;0;8195511222;0;0;0321;023;20141202120012;20141202120012
35994741;0;8532437061;0;0;0125;388;20141202120013;20141202120013
35998572;0;8532413278;0;0;0125;388;20141202120013;20141202120013
36036668;0;8834281212;0;0;0131;085;20141202120014;20141202120014
35905707;0;98982217945;0;0;0321;499;20141202120014;20141202120014
35988932;0;8532940743;0;0;0125;388;20141202120014;20141202120014
35994726;0;8187060677;0;0;0321;023;20141202120012;20141202120012
35995619;0;8188506885;0;0;0321;023;20141202120012;20141202120012
26899222;1;8530440404;;;;;;20141202120021
35615121;1;8530373250;;;;;;20141202120021
29519258;1;91981155806;;;;;;20141202120014
35986093;0;8335123459;0;0;0125;446;20141202120013;20141202120013
35995872;0;91981155806;0;0;0321;494;20141202120014;20141202120014
35979930;0;8534834096;0;0;0125;388;20141202120014;20141202120014
35997510;0;8532953833;0;0;0125;388;20141202120014;20141202120014
35996390;0;8186426405;0;0;0321;023;20141202120012;20141202120012
35993723;0;8188202694;0;0;0321;023;20141202120012;20141202120012
35993130;0;8534743452;0;0;0125;388;20141202120014;20141202120014
15556251;1;8332382279;;;;;;20141202120013
35982323;0;8332170619;0;0;0125;446;20141202120013;20141202120013
35984450;0;8532367513;0;0;0125;388;20141202120013;20141202120013
35996039;0;8332382279;0;0;0125;446;20141202120013;20141202120013
35992888;0;8185650396;0;0;0321;023;20141202120012;20141202120012
35992542;0;8332551098;0;0;0125;446;20141202120013;20141202120013
35993739;0;8185847749;0;0;0321;023;20141202120012;20141202120012
27292028;1;8332396209;;;;;;20141202120013
35993152;0;8186079928;0;0;0321;023;20141202120012;20141202120012
35984206;0;8332396209;0;0;0125;446;20141202120013;20141202120013
35996308;0;8186124300;0;0;0321;023;20141202120012;20141202120012
35980895;0;8332311918;0;0;0125;446;20141202120013;20141202120013
35995256;0;8185581454;0;0;0321;023;20141202120012;20141202120012
106dbd08cb66cccb4ca5b65cad0c3887