20141106175005;1316
35569454;0;11973590889;0;0;0321;014;20141106160000;20141106160000
35575643;0;11970176656;0;0;0321;014;20141106160000;20141106160000
35575080;0;11977143204;0;0;0321;014;20141106160000;20141106160000
20539837;1;11965100167;;;;;;20141106160000
35568832;0;11976267324;0;0;0341;411;20141106160000;20141106160000
35574936;0;11965100167;0;0;0321;014;20141106160000;20141106160000
35570626;0;11964783245;0;0;0321;014;20141106160000;20141106160000
35637575;0;1140563155;0;0;0115;011;20141106160000;20141106160000
35581569;0;11965215741;0;0;0321;014;20141106160000;20141106160000
35581566;0;11972589224;0;0;0321;014;20141106160000;20141106160000
4443584;1;11981070304;;;;;;20141106160000
35582622;0;11981070304;0;0;0321;014;20141106160000;20141106160000
35575438;0;11981424662;0;0;0321;014;20141106160000;20141106160000
35565097;0;11962429749;0;0;0341;411;20141106160000;20141106160000
13598516;1;11964077197;;;;;;20141106160000
35575680;0;11964077197;0;0;0321;014;20141106160000;20141106160000
35638383;0;1122750943;0;0;0115;013;20141106160000;20141106160000
35571978;0;11947196955;0;0;0321;014;20141106160000;20141106160000
35578606;0;11972163148;0;0;0321;014;20141106160000;20141106160000
29899792;1;1140597684;;;;;;20141106160000
35509243;0;11981023056;0;0;0321;014;20141106160000;20141106160000
35638786;0;1140597684;2;0;0115;011;20141106160000;20141106160000
24072444;1;11974358562;;;;;;20141106160000
35575622;0;11974358562;0;0;0321;014;20141106160000;20141106160000
9229926;1;11981509724;;;;;;20141106160000
35584093;0;11981509724;0;0;0321;014;20141106160000;20141106160000
29842531;1;11948527246;;;;;;20141106160000
35578619;0;11948527246;0;0;0321;014;20141106160000;20141106160000
32275364;1;11970933370;;;;;;20141106160000
35569195;0;11970933370;0;0;0321;014;20141106160000;20141106160000
35575517;0;11964453855;0;0;0321;014;20141106160000;20141106160000
35571372;0;11972702031;0;0;0321;014;20141106160000;20141106160000
35579169;0;11981261287;0;0;0321;014;20141106160000;20141106160000
35575444;0;11979611638;0;0;0321;014;20141106160000;20141106160000
18695270;1;11962988986;;;;;;20141106160000
35573838;0;11962988986;0;0;0321;014;20141106160000;20141106160000
11953834;1;11981311086;;;;;;20141106160000
35573135;0;11981311086;0;0;0321;014;20141106160000;20141106160000
35572118;0;11972328554;0;0;0321;014;20141106160000;20141106160000
35577008;0;11946423020;0;0;0321;014;20141106160000;20141106160000
35573765;0;1145765170;0;0;0125;146;20141106160000;20141106160000
35571655;0;11942552008;0;0;0321;014;20141106160000;20141106160000
35578051;0;11970444079;0;0;0321;014;20141106160000;20141106160000
35643287;0;1133921839;0;0;0115;011;20141106160000;20141106160000
35576346;0;11980842034;0;0;0321;014;20141106160000;20141106160000
35582287;0;11952078720;0;0;0321;014;20141106160000;20141106160000
35572248;0;11973412996;0;0;0321;014;20141106160000;20141106160000
35571456;0;11958223995;0;0;0321;014;20141106160000;20141106160000
21332602;1;11976242246;;;;;;20141106160004
35572743;0;11981813061;0;0;0321;014;20141106160000;20141106160000
35566710;0;1147263636;0;0;0125;146;20141106160000;20141106160000
35638129;0;1142325777;0;0;0115;013;20141106160000;20141106160000
29899793;1;1140597685;;;;;;20141106160000
35638787;0;1140597685;2;0;0115;011;20141106160000;20141106160000
35581276;0;11969672030;0;0;0321;014;20141106160000;20141106160000
35567337;0;11959823583;0;0;0321;014;20141106160000;20141106160000
35577413;0;11955306733;0;0;0321;014;20141106160000;20141106160000
29899788;1;1140597680;;;;;;20141106160000
35638782;0;1140597680;2;0;0115;011;20141106160000;20141106160000
35574462;0;11974721694;0;0;0321;014;20141106160000;20141106160000
19458165;1;11973703020;;;;;;20141106160000
35576581;0;11973703020;0;0;0321;014;20141106160000;20141106160000
35577416;0;11957063301;0;0;0321;014;20141106160000;20141106160000
29899796;1;1140597688;;;;;;20141106160000
35638790;0;1140597688;2;0;0115;011;20141106160000;20141106160000
29899789;1;1140597681;;;;;;20141106160000
35638783;0;1140597681;2;0;0115;011;20141106160000;20141106160000
30225405;1;11981871644;;;;;;20141106160001
35582073;0;11981871644;0;0;0321;014;20141106160001;20141106160001
35582289;0;11981992925;0;0;0321;014;20141106160001;20141106160001
35572664;0;11981000398;0;0;0321;014;20141106160000;20141106160000
22871598;1;11981742831;;;;;;20141106160000
35572027;0;11981742831;0;0;0321;014;20141106160000;20141106160000
35572364;0;11967492396;0;0;0321;014;20141106160000;20141106160000
35563768;0;11982028650;0;0;0321;014;20141106160001;20141106160001
35583194;0;1123813691;0;0;0125;146;20141106160000;20141106160000
29899795;1;1140597687;;;;;;20141106160000
35638789;0;1140597687;2;0;0115;011;20141106160000;20141106160000
35584054;0;11953809496;0;0;0321;014;20141106160000;20141106160000
34683628;1;11969593012;;;;;;20141106160000
35583280;0;11969593012;0;0;0321;014;20141106160000;20141106160000
35575796;0;11982097472;0;0;0321;014;20141106160001;20141106160001
35571571;0;11974196205;0;0;0321;014;20141106160000;20141106160000
35578691;0;11971518019;0;0;0321;014;20141106160000;20141106160000
29899797;1;1140597689;;;;;;20141106160000
35638791;0;1140597689;2;0;0115;011;20141106160000;20141106160000
35570322;0;11982180006;0;0;0321;014;20141106160001;20141106160001
35582290;0;11982332679;0;0;0321;014;20141106160001;20141106160001
729400;1;11982314288;;;;;;20141106160001
35584168;0;11982314288;0;0;0321;014;20141106160001;20141106160001
23557149;1;11971529852;;;;;;20141106160000
35573190;0;11971529852;0;0;0321;014;20141106160000;20141106160000
35567475;0;11970493884;0;0;0321;014;20141106160000;20141106160000
35572051;0;11977767561;0;0;0321;014;20141106160000;20141106160000
35571275;0;11972532030;0;0;0321;014;20141106160000;20141106160000
35569940;0;11970363324;0;0;0321;014;20141106160000;20141106160000
35582282;0;11957358975;0;0;0321;014;20141106160000;20141106160000
35642493;0;1141986804;0;0;0115;011;20141106160000;20141106160000
29899791;1;1140597683;;;;;;20141106160000
35638785;0;1140597683;2;0;0115;011;20141106160000;20141106160000
35571041;0;11983682180;0;0;0321;014;20141106160004;20141106160004
35581785;0;11982675323;0;0;0321;014;20141106160001;20141106160001
35582845;0;11983338886;0;0;0321;014;20141106160001;20141106160001
2367999;1;11982628483;;;;;;20141106160001
35584205;0;11982628483;0;0;0321;014;20141106160001;20141106160001
25384938;1;11982492996;;;;;;20141106160001
35581905;0;11982492996;0;0;0321;014;20141106160001;20141106160001
8061702;1;11982371000;;;;;;20141106160001
35576784;0;11982371000;0;0;0321;014;20141106160001;20141106160001
35638008;0;1122293585;0;0;0115;011;20141106160000;20141106160000
35582770;0;11979954203;0;0;0321;014;20141106160000;20141106160000
35582212;0;11961605566;0;0;0321;014;20141106160000;20141106160000
35571231;0;11941780594;0;0;0321;014;20141106160000;20141106160000
35576628;0;11941359952;0;0;0321;014;20141106160000;20141106160000
35570657;0;11984471802;0;0;0321;014;20141106160004;20141106160004
35289508;1;1127031365;;;;;;20141106160000
35640747;0;1127031365;0;0;0115;013;20141106160000;20141106160000
35581692;0;11980260327;0;0;0321;014;20141106160000;20141106160000
35570801;0;11980205874;0;0;0321;014;20141106160000;20141106160000
35582938;0;11971746477;0;0;0321;014;20141106160000;20141106160000
35579195;0;11971514684;0;0;0321;014;20141106160000;20141106160000
35578736;0;11963881457;0;0;0321;014;20141106160000;20141106160000
35573329;0;11961306868;0;0;0321;014;20141106160000;20141106160000
35567624;0;11960227491;0;0;0321;014;20141106160000;20141106160000
30650594;1;11954865897;;;;;;20141106160000
35567877;0;11954865897;0;0;0321;014;20141106160000;20141106160000
29676063;1;11985786880;;;;;;20141106160004
35583635;0;11985786880;0;0;0321;014;20141106160004;20141106160004
35570303;0;11983367436;0;0;0321;014;20141106160001;20141106160001
35573181;0;11983126902;0;0;0321;014;20141106160001;20141106160001
35581539;0;11983056636;0;0;0321;014;20141106160001;20141106160001
35577849;0;11982816710;0;0;0321;014;20141106160001;20141106160001
35466861;0;1136531883;2;0;0125;100;20141106160000;20141106160000
29063211;1;11986012658;;;;;;20141106160004
35582301;0;11986012658;0;0;0321;014;20141106160004;20141106160004
12912586;1;11992196182;;;;;;20141106160006
35569634;0;11986556098;0;0;0351;823;20141106160004;20141106160004
34854217;1;11992328026;;;;;;20141106160006
35567038;0;11956308975;0;0;0321;014;20141106160000;20141106160000
21826133;1;11991866950;;;;;;20141106160006
13305497;1;11991711493;;;;;;20141106160006
14271916;1;11989156873;;;;;;20141106160006
35582989;0;11973068303;0;0;0321;014;20141106160000;20141106160000
27923970;1;11980720484;;;;;;20141106160000
35571233;0;11980720484;0;0;0351;823;20141106160000;20141106160000
35575397;0;11942326235;0;0;0321;014;20141106160000;20141106160000
16516184;1;11992287436;;;;;;20141106160006
25548591;1;11969270081;;;;;;20141106160006
35568025;0;11961242747;0;0;0321;014;20141106160000;20141106160000
30833342;1;11941442633;;;;;;20141106160000
35583175;0;11941442633;0;0;0321;014;20141106160000;20141106160000
35637438;0;1127795883;0;0;0121;212;20141106160000;20141106160000
34965193;0;1124737508;0;0;0115;011;20141106160000;20141106160000
35574136;0;11974436412;0;0;0321;014;20141106160000;20141106160000
35567440;0;11959741690;0;0;0321;014;20141106160000;20141106160000
35581413;0;11946721375;0;0;0321;014;20141106160000;20141106160000
35579156;0;11971514770;0;0;0321;014;20141106160000;20141106160000
35642313;0;1146181045;0;0;0115;011;20141106160000;20141106160000
35572976;0;11981063711;0;0;0321;014;20141106160000;20141106160000
35584004;0;11977745598;0;0;0321;014;20141106160000;20141106160000
35584198;0;11972245990;0;0;0321;014;20141106160000;20141106160000
35584088;0;11966571230;0;0;0321;014;20141106160000;20141106160000
35572572;0;11963540465;0;0;0321;014;20141106160000;20141106160000
35574983;0;11961641101;0;0;0321;014;20141106160000;20141106160000
35570942;0;11980205871;0;0;0321;014;20141106160000;20141106160000
35578241;0;11972609367;0;0;0321;014;20141106160000;20141106160000
34482178;1;11969777237;;;;;;20141106160000
35574435;0;11967244875;0;0;0321;014;20141106160000;20141106160000
35583281;0;11969777237;0;0;0321;014;20141106160000;20141106160000
35578852;0;11951313009;0;0;0321;014;20141106160000;20141106160000
35583139;0;11985873322;0;0;0321;014;20141106160004;20141106160004
35582975;0;11975812276;0;0;0321;014;20141106160000;20141106160000
35643010;0;1147827120;0;0;0115;011;20141106160000;20141106160000
34979094;0;1126677039;0;0;0115;011;20141106160000;20141106160000
35575819;0;11968961101;0;0;0321;014;20141106160000;20141106160000
35571451;0;11963980408;0;0;0321;014;20141106160000;20141106160000
29899794;1;1140597686;;;;;;20141106160000
35638788;0;1140597686;2;0;0115;011;20141106160000;20141106160000
35574485;0;11987412824;0;0;0321;014;20141106160004;20141106160004
26652936;1;11991914777;;;;;;20141106160007
35577948;0;11961118033;0;0;0321;014;20141106160000;20141106160000
35567306;0;11954580002;0;0;0321;014;20141106160000;20141106160000
29899790;1;1140597682;;;;;;20141106160000
35638784;0;1140597682;2;0;0115;011;20141106160000;20141106160000
35552302;0;1124861333;0;0;0125;100;20141106160000;20141106160000
35574723;0;11970406814;0;0;0321;014;20141106160000;20141106160000
31390729;1;11963410303;;;;;;20141106160000
35581985;0;11963410303;0;0;0321;014;20141106160000;20141106160000
33056429;1;11953330052;;;;;;20141106160000
35571526;0;11953330052;0;0;0321;014;20141106160000;20141106160000
32982905;1;11987505894;;;;;;20141106160004
35579505;0;11987505894;0;0;0321;014;20141106160004;20141106160004
35573951;0;11961315274;0;0;0321;014;20141106160000;20141106160000
2765261;1;11981071340;;;;;;20141106160000
35571706;0;11981071340;0;0;0321;014;20141106160000;20141106160000
35574108;0;11986276225;0;0;0321;014;20141106160004;20141106160004
35514832;0;11986991259;0;0;0321;014;20141106160004;20141106160004
29063227;1;11983383373;;;;;;20141106160004
35582300;0;11983383373;0;0;0321;014;20141106160004;20141106160004
35449869;0;11986207882;0;0;0321;014;20141106160004;20141106160004
35567194;0;11985216515;0;0;0321;014;20141106160004;20141106160004
35502896;0;11987197305;0;0;0321;014;20141106160004;20141106160004
35575084;0;11949674816;0;0;0321;014;20141106160000;20141106160000
35555041;0;1144524677;0;0;0125;146;20141106160000;20141106160000
35571566;0;11983723153;0;0;0321;014;20141106160004;20141106160004
35581914;0;11980256696;0;0;0321;014;20141106160000;20141106160000
15667932;1;11965432133;;;;;;20141106160000
35566566;0;11965432133;0;0;0321;014;20141106160000;20141106160000
35577288;0;11954979060;0;0;0321;014;20141106160000;20141106160000
32413029;1;11985722247;;;;;;20141106160004
35569131;0;11985722247;0;0;0321;014;20141106160004;20141106160004
29842842;1;11985259462;;;;;;20141106160004
35569442;0;11995831919;0;0;0321;014;20141106160004;20141106160004
35578716;0;11985259462;0;0;0321;014;20141106160004;20141106160004
35577530;0;11971775781;0;0;0321;014;20141106160000;20141106160000
35584210;0;11985453666;0;0;0351;823;20141106160004;20141106160004
35570100;0;11987517101;0;0;0351;823;20141106160004;20141106160004
35576743;0;11995338283;0;0;0321;014;20141106160004;20141106160004
35584207;0;11995002906;0;0;0321;014;20141106160004;20141106160004
29063204;1;11989557070;;;;;;20141106160004
35582303;0;11989557070;0;0;0321;014;20141106160004;20141106160004
35583642;0;11986626409;0;0;0321;014;20141106160004;20141106160004
35569826;0;11986659930;0;0;0321;014;20141106160004;20141106160004
35577784;0;11986327211;0;0;0321;014;20141106160004;20141106160004
35583933;0;11986867173;0;0;0321;014;20141106160004;20141106160004
29063216;1;11988797294;;;;;;20141106160004
35582302;0;11988797294;0;0;0321;014;20141106160004;20141106160004
35574004;0;11954071208;0;0;0321;014;20141106160000;20141106160000
35575347;0;11984853020;0;0;0321;014;20141106160004;20141106160004
35582249;0;11983730549;0;0;0321;014;20141106160004;20141106160004
25375365;1;11985660829;;;;;;20141106160004
35576499;0;11985660829;0;0;0321;014;20141106160004;20141106160004
35579099;0;11995122437;0;0;0351;823;20141106160004;20141106160004
1416347;1;11992167369;;;;;;20141106160007
35575154;0;11983813838;0;0;0321;014;20141106160004;20141106160004
34816382;1;11993140624;;;;;;20141106160007
30884970;1;11983767932;;;;;;20141106160004
35572260;0;11983767932;0;0;0321;014;20141106160004;20141106160004
6840577;1;11995291230;;;;;;20141106160004
35584068;0;11995291230;0;0;0321;014;20141106160004;20141106160004
14488894;1;11994851991;;;;;;20141106160008
30460986;1;11985194659;;;;;;20141106160004
35584017;0;11985194659;0;0;0351;823;20141106160004;20141106160004
24490359;1;11994747747;;;;;;20141106160008
35579155;0;11987998212;0;0;0321;014;20141106160004;20141106160004
32921732;1;11988006550;;;;;;20141106160008
35566404;0;11995368568;0;0;0351;823;20141106160004;20141106160004
35571949;0;11996036531;0;0;0321;014;20141106160004;20141106160004
3834439;1;11996114027;;;;;;20141106160004
35570136;0;11996114027;0;0;0321;014;20141106160004;20141106160004
35572154;0;11996540904;0;0;0321;014;20141106160004;20141106160004
35584142;0;11996380739;0;0;0321;014;20141106160004;20141106160004
32297295;1;11996217817;;;;;;20141106160004
35571572;0;11996217817;0;0;0321;014;20141106160004;20141106160004
35571820;0;11996032195;0;0;0321;014;20141106160004;20141106160004
35563760;0;11998202126;0;0;0321;014;20141106160005;20141106160005
24072425;1;11996559492;;;;;;20141106160005
35575623;0;11996559492;0;0;0321;014;20141106160005;20141106160005
9569736;1;11996693839;;;;;;20141106160005
35563920;0;11996693839;0;0;0321;014;20141106160005;20141106160005
35575256;0;12988024791;0;0;0321;017;20141106160005;20141106160005
35577092;0;13974077519;0;0;0321;017;20141106160005;20141106160005
35382151;0;1532387000;2;0;0125;100;20141106160005;20141106160005
35382156;0;1532387005;2;0;0125;100;20141106160005;20141106160005
35581970;0;11998938681;0;0;0321;014;20141106160005;20141106160005
3477637;1;11999696966;;;;;;20141106160005
35574544;0;11999696966;0;0;0321;014;20141106160005;20141106160005
35579497;0;11999610506;0;0;0321;014;20141106160005;20141106160005
35571457;0;11998631712;0;0;0321;014;20141106160005;20141106160005
35642322;0;1238844136;0;0;0115;011;20141106160005;20141106160005
28847465;1;1238842919;;;;;;20141106160005
35642120;0;1238842919;0;0;0115;011;20141106160005;20141106160005
32046332;1;1238844469;;;;;;20141106160005
35642413;0;1238844469;0;0;0115;011;20141106160005;20141106160005
34370739;1;11997462460;;;;;;20141106160005
35571553;0;11997462460;0;0;0321;014;20141106160005;20141106160005
35382152;0;1532387001;2;0;0125;100;20141106160005;20141106160005
35382164;0;1532387013;2;0;0125;100;20141106160005;20141106160005
30842990;1;1732251655;;;;;;20141106160005
35529254;0;1732251655;2;0;0112;143;20141106160005;20141106160005
35382173;0;1532387022;2;0;0125;100;20141106160005;20141106160005
35575763;0;1633970563;0;0;0125;100;20141106160005;20141106160005
35584230;0;11999068981;0;0;0321;014;20141106160005;20141106160005
35569316;0;11998490694;0;0;0321;014;20141106160005;20141106160005
35642030;0;1238844138;0;0;0115;011;20141106160005;20141106160005
30116157;1;12982840007;;;;;;20141106160008
35575532;0;19996743740;0;0;0321;017;20141106160005;20141106160005
35583918;0;11999541964;0;0;0321;014;20141106160005;20141106160005
35581533;0;11999458250;0;0;0321;014;20141106160005;20141106160005
35525604;0;1432036377;0;0;0125;100;20141106160005;20141106160005
35568028;0;11997095755;0;0;0321;014;20141106160005;20141106160005
35583911;0;11999953750;0;0;0321;014;20141106160005;20141106160005
35514361;0;2126089587;0;0;0125;101;20141106160006;20141106160006
8755571;1;16991040361;;;;;;20141106160008
35528837;0;1733014041;2;0;0112;143;20141106160005;20141106160005
35577163;0;16996148983;0;0;0321;017;20141106160005;20141106160005
35515674;0;12981007184;0;0;0321;017;20141106160005;20141106160005
35575307;0;12988023275;0;0;0321;017;20141106160005;20141106160005
35571707;0;13981080148;0;0;0321;017;20141106160005;20141106160005
35382158;0;1532387007;2;0;0125;100;20141106160005;20141106160005
35382155;0;1532387004;2;0;0125;100;20141106160005;20141106160005
35514680;0;12982134444;0;0;0321;017;20141106160005;20141106160005
35382157;0;1532387006;2;0;0125;100;20141106160005;20141106160005
35382162;0;1532387011;2;0;0125;100;20141106160005;20141106160005
35515749;0;1935793183;0;0;0125;100;20141106160005;20141106160005
29174625;1;14991160798;;;;;;20141106160009
35382165;0;1532387014;2;0;0125;100;20141106160005;20141106160005
35572938;0;13981175840;0;0;0321;017;20141106160005;20141106160005
35382153;0;1532387002;2;0;0125;100;20141106160005;20141106160005
35573795;0;13997418629;0;0;0321;017;20141106160005;20141106160005
35382159;0;1532387008;2;0;0125;100;20141106160005;20141106160005
35382176;0;1532387025;2;0;0125;100;20141106160005;20141106160005
35249827;1;14991082201;;;;;;20141106160009
35578694;0;13988673805;0;0;0321;017;20141106160005;20141106160005
25637898;1;1432342676;;;;;;20141106160005
35500834;0;1432342676;0;0;0125;100;20141106160005;20141106160005
35568244;0;14998955549;0;0;0341;411;20141106160005;20141106160005
20200156;1;14991744605;;;;;;20141106160009
35576914;0;13996221277;0;0;0321;017;20141106160005;20141106160005
35382168;0;1532387017;2;0;0125;100;20141106160005;20141106160005
35382169;0;1532387018;2;0;0125;100;20141106160005;20141106160005
35583378;0;1533292067;0;0;0125;100;20141106160005;20141106160005
35382172;0;1532387021;2;0;0125;100;20141106160005;20141106160005
35382171;0;1532387020;2;0;0125;100;20141106160005;20141106160005
28847453;1;1238841776;;;;;;20141106160005
35637473;0;1238841776;0;0;0115;011;20141106160005;20141106160005
35529774;0;1639197039;0;0;0125;100;20141106160005;20141106160005
35382174;0;1532387023;2;0;0125;100;20141106160005;20141106160005
35382179;0;1532387028;2;0;0125;100;20141106160005;20141106160005
35382178;0;1532387027;2;0;0125;100;20141106160005;20141106160005
35382163;0;1532387012;2;0;0125;100;20141106160005;20141106160005
35382154;0;1532387003;2;0;0125;100;20141106160005;20141106160005
35382161;0;1532387010;2;0;0125;100;20141106160005;20141106160005
29124826;1;15981559300;;;;;;20141106160005
35577117;0;15981559300;0;0;0321;017;20141106160005;20141106160005
35382177;0;1532387026;2;0;0125;100;20141106160005;20141106160005
35382180;0;1532387029;2;0;0125;100;20141106160005;20141106160005
35267025;0;1634439456;0;0;0125;100;20141106160005;20141106160005
35382160;0;1532387009;2;0;0125;100;20141106160005;20141106160005
35382167;0;1532387016;2;0;0125;100;20141106160005;20141106160005
35424309;0;1633227661;0;0;0125;100;20141106160005;20141106160005
35572145;0;13988318308;0;0;0321;017;20141106160005;20141106160005
35583887;0;15996900157;0;0;0321;017;20141106160005;20141106160005
35570855;0;16988375707;0;0;0321;017;20141106160005;20141106160005
16756149;1;1633226197;;;;;;20141106160005
35576018;0;1633226197;0;0;0125;100;20141106160005;20141106160005
30881737;1;15991463393;;;;;;20141106160010
35382166;0;1532387015;2;0;0125;100;20141106160005;20141106160005
35574567;0;2121354857;0;0;0125;101;20141106160006;20141106160006
35582952;0;19981146413;0;0;0321;017;20141106160005;20141106160005
29541942;1;19988242690;;;;;;20141106160005
35571559;0;19988242690;0;0;0321;017;20141106160005;20141106160005
35569709;0;16982413000;0;0;0321;017;20141106160005;20141106160005
12887486;1;19991548163;;;;;;20141106160010
35574804;0;19989138471;0;0;0341;411;20141106160005;20141106160005
32382576;1;19991163116;;;;;;20141106160010
35577551;0;16988424448;0;0;0321;017;20141106160005;20141106160005
128139;1;1732124041;;;;;;20141106160005
35528833;0;1732124041;2;0;0112;143;20141106160005;20141106160005
33399026;1;17991561140;;;;;;20141106160010
35382170;0;1532387019;2;0;0125;100;20141106160005;20141106160005
35576858;0;19981557343;0;0;0321;017;20141106160005;20141106160005
35577476;0;2122282221;0;0;0125;101;20141106160006;20141106160006
35382175;0;1532387024;2;0;0125;100;20141106160005;20141106160005
35503765;0;2122619618;0;0;0125;101;20141106160006;20141106160006
35572745;0;19981368887;0;0;0321;017;20141106160005;20141106160005
35575999;0;19997649922;0;0;0321;017;20141106160005;20141106160005
6142342;1;2122938131;;;;;;20141106160006
35255726;0;2122938131;0;0;0125;101;20141106160006;20141106160006
35624515;0;2126012499;0;0;0131;021;20141106160006;20141106160006
35575783;0;19997435233;0;0;0321;017;20141106160005;20141106160005
35575300;0;19996899958;0;0;0321;017;20141106160005;20141106160005
35571220;0;19981092121;0;0;0321;017;20141106160005;20141106160005
35624514;0;2126010293;0;0;0131;021;20141106160006;20141106160006
35576518;0;19996125619;0;0;0321;017;20141106160005;20141106160005
33638553;1;19992637226;;;;;;20141106160010
35624516;0;2126011034;0;0;0131;021;20141106160006;20141106160006
35575168;0;19996805233;0;0;0321;017;20141106160005;20141106160005
35576317;0;19981412148;0;0;0321;017;20141106160005;20141106160005
35570178;0;18997442002;0;0;0321;017;20141106160005;20141106160005
35529257;0;1733057277;2;0;0112;143;20141106160005;20141106160005
35576634;0;19996188575;0;0;0321;017;20141106160005;20141106160005
9326572;1;19988133067;;;;;;20141106160005
35572421;0;19988133067;0;0;0321;017;20141106160005;20141106160005
35574159;0;19991744759;0;0;0341;411;20141106160005;20141106160005
35565987;0;19981828935;0;0;0321;017;20141106160005;20141106160005
35577525;0;19988726582;0;0;0321;017;20141106160005;20141106160005
10502187;1;2122011565;;;;;;20141106160006
35412407;0;2122090492;0;0;0125;101;20141106160006;20141106160006
35535358;0;2122011565;0;0;0125;101;20141106160006;20141106160006
35625811;0;2126013148;0;0;0131;021;20141106160006;20141106160006
35577086;0;19996289471;0;0;0321;017;20141106160005;20141106160005
35572409;0;19996347392;0;0;0321;017;20141106160005;20141106160005
35575658;0;19996581092;0;0;0321;017;20141106160005;20141106160005
35542890;0;2126097958;0;0;0125;101;20141106160006;20141106160006
35624513;0;2126018189;0;0;0131;021;20141106160006;20141106160006
35624510;0;2126013544;0;0;0131;021;20141106160006;20141106160006
35624517;0;2126031204;0;0;0131;021;20141106160006;20141106160006
35624511;0;2126025715;0;0;0131;021;20141106160006;20141106160006
35624509;0;2126028997;0;0;0131;021;20141106160006;20141106160006
35571617;0;19997562906;0;0;0321;017;20141106160005;20141106160005
35550183;0;2126255981;0;0;0125;101;20141106160006;20141106160006
35620921;0;2126235816;0;0;0131;021;20141106160006;20141106160006
35625578;0;2126261190;0;0;0131;021;20141106160006;20141106160006
35543014;0;2126118017;0;0;0125;101;20141106160006;20141106160006
35572022;0;2126667795;0;0;0125;101;20141106160006;20141106160006
29663549;1;2127142754;;;;;;20141106160006
35428849;0;2127142754;0;0;0125;101;20141106160006;20141106160006
35624520;0;2127258182;0;0;0131;021;20141106160006;20141106160006
35638326;0;2130411616;0;0;0121;221;20141106160006;20141106160006
35625399;0;2127731037;0;0;0131;021;20141106160006;20141106160006
35642309;0;2130745172;0;0;0121;221;20141106160006;20141106160006
35624519;0;2127019815;0;0;0131;021;20141106160006;20141106160006
35624508;0;2127011198;0;0;0131;021;20141106160006;20141106160006
35638470;0;2130411818;0;0;0121;221;20141106160006;20141106160006
26989898;1;2127145881;;;;;;20141106160006
35449948;0;2127145881;0;0;0125;101;20141106160006;20141106160006
35575628;0;21982121494;0;0;0321;018;20141106160006;20141106160006
35572679;0;21985839139;0;0;0351;824;20141106160006;20141106160006
35623922;0;2137625707;0;0;0131;021;20141106160006;20141106160006
35576396;0;21980121494;0;0;0321;018;20141106160006;20141106160006
35624512;0;2131195453;0;0;0131;021;20141106160006;20141106160006
35574186;0;3132805407;2;0;0121;232;20141106160006;20141106160006
35515278;0;2227351875;0;0;0125;101;20141106160006;20141106160006
35626714;0;2134634924;0;0;0131;021;20141106160006;20141106160006
35581764;0;21994691449;0;0;0351;824;20141106160006;20141106160006
35637062;0;2130645413;0;0;0121;221;20141106160006;20141106160006
35213083;0;2137411382;0;0;0125;101;20141106160006;20141106160006
35400147;0;2131656606;0;0;0125;101;20141106160006;20141106160006
23523898;1;2133521853;;;;;;20141106160006
32443366;1;2732521513;;;;;;20141106160006
35623962;0;2732521513;0;0;0131;027;20141106160006;20141106160006
35415197;0;2133521853;0;0;0125;101;20141106160006;20141106160006
35573886;0;21979606868;0;0;0321;018;20141106160006;20141106160006
35567389;0;21981399370;0;0;0321;018;20141106160006;20141106160006
35575582;0;21995517004;0;0;0321;018;20141106160006;20141106160006
35497345;0;2133521498;0;0;0125;101;20141106160006;20141106160006
35570369;0;21997921489;0;0;0321;018;20141106160006;20141106160006
20001533;1;2733174557;;;;;;20141106160006
35622937;0;2733174557;0;0;0131;027;20141106160006;20141106160006
35572276;0;21987759059;0;0;0321;018;20141106160006;20141106160006
27581896;1;21988402050;;;;;;20141106160006
35584110;0;21988402050;0;0;0321;018;20141106160006;20141106160006
35565833;0;2733492166;0;0;0125;488;20141106160006;20141106160006
35578299;0;27995305245;0;0;0321;019;20141106160006;20141106160006
35570627;0;21983959610;0;0;0321;018;20141106160006;20141106160006
35574291;0;3132805424;2;0;0121;232;20141106160007;20141106160007
33434562;1;21980232288;;;;;;20141106160006
35570146;0;21980232288;0;0;0321;018;20141106160006;20141106160006
25074421;1;2730730837;;;;;;20141106160006
35581297;0;2730730837;0;0;0125;488;20141106160006;20141106160006
25374425;1;24988325011;;;;;;20141106160006
35554677;0;24988325011;0;0;0321;018;20141106160006;20141106160006
35574303;0;3132805427;2;0;0121;232;20141106160007;20141106160007
25544127;1;3125160272;;;;;;20141106160012
28109388;1;3125577120;;;;;;20141106160012
31426601;1;2132777018;;;;;;20141106160006
35575473;0;2132777018;0;0;0125;101;20141106160006;20141106160006
35539770;0;2136846083;0;0;0125;101;20141106160006;20141106160006
35574164;0;3132805401;2;0;0121;232;20141106160006;20141106160006
35573243;0;3186867661;0;0;0321;430;20141106160007;20141106160007
35437695;0;3132459086;0;0;0125;102;20141106160006;20141106160006
35638483;0;2132440138;0;0;0121;221;20141106160006;20141106160006
24817262;1;3130317664;;;;;;20141106160006
35641521;0;3130317664;0;0;0121;232;20141106160006;20141106160006
21064898;1;3132412642;;;;;;20141106160006
35552262;0;3132412642;0;0;0125;102;20141106160006;20141106160006
35574255;0;3132805418;2;0;0121;232;20141106160006;20141106160006
35574184;0;3132805406;2;0;0121;232;20141106160006;20141106160006
35574331;0;3132805434;2;0;0121;232;20141106160007;20141106160007
35582433;0;21969594464;0;0;0321;018;20141106160006;20141106160006
35514753;0;2132560405;0;0;0125;101;20141106160006;20141106160006
35574241;0;3132805416;2;0;0121;232;20141106160006;20141106160006
35574306;0;3132805428;2;0;0121;232;20141106160007;20141106160007
35581848;0;3175742978;0;0;0321;430;20141106160007;20141106160007
35574221;0;3132805411;2;0;0121;232;20141106160006;20141106160006
35574244;0;3132805417;2;0;0121;232;20141106160006;20141106160006
35574228;0;3132805412;2;0;0121;232;20141106160006;20141106160006
29008114;1;3182184343;;;;;;20141106160012
35574234;0;3132805414;2;0;0121;232;20141106160006;20141106160006
35574237;0;3132805415;2;0;0121;232;20141106160006;20141106160006
35576304;0;3175090725;0;0;0321;430;20141106160007;20141106160007
35574293;0;3132805425;2;0;0121;232;20141106160007;20141106160007
35574162;0;3132805400;2;0;0121;232;20141106160006;20141106160006
35579619;0;2732814985;0;0;0125;488;20141106160006;20141106160006
35574311;0;3132805430;2;0;0121;232;20141106160007;20141106160007
35552844;0;2227239490;0;0;0125;101;20141106160006;20141106160006
35583455;0;21988743571;0;0;0321;018;20141106160006;20141106160006
32601498;1;21987059715;;;;;;20141106160006
35572160;0;21987059715;0;0;0321;018;20141106160006;20141106160006
16497828;1;2138902023;;;;;;20141106160006
35484849;0;2138902023;0;0;0125;101;20141106160006;20141106160006
5686143;1;2732270356;;;;;;20141106160006
35525593;0;2732270356;0;0;0125;488;20141106160006;20141106160006
35621446;0;2134043165;0;0;0131;021;20141106160006;20141106160006
35574193;0;3132805408;2;0;0121;232;20141106160006;20141106160006
35571399;0;21976165920;0;0;0351;824;20141106160006;20141106160006
35574258;0;3132805419;2;0;0121;232;20141106160006;20141106160006
35573198;0;3188089066;0;0;0321;430;20141106160008;20141106160008
35574319;0;3132805432;2;0;0121;232;20141106160007;20141106160007
35574273;0;3132805421;2;0;0121;232;20141106160007;20141106160007
35574169;0;3132805403;2;0;0121;232;20141106160006;20141106160006
35574167;0;3132805402;2;0;0121;232;20141106160006;20141106160006
35447418;0;2135858333;0;0;0125;101;20141106160006;20141106160006
35565606;0;3138231943;0;0;0125;102;20141106160007;20141106160007
35574279;0;3132805422;2;0;0121;232;20141106160007;20141106160007
35574194;0;3132805409;2;0;0121;232;20141106160006;20141106160006
35578663;0;3138245650;0;0;0125;102;20141106160007;20141106160007
35574283;0;3132805423;2;0;0121;232;20141106160007;20141106160007
35574268;0;3132805420;2;0;0121;232;20141106160007;20141106160007
35574308;0;3132805429;2;0;0121;232;20141106160007;20141106160007
35579434;0;3186709155;0;0;0321;430;20141106160007;20141106160007
35584008;0;21981110701;0;0;0321;018;20141106160006;20141106160006
35582363;0;21984090034;0;0;0321;018;20141106160006;20141106160006
35574362;0;3132805439;2;0;0121;232;20141106160007;20141106160007
35574337;0;3132805435;2;0;0121;232;20141106160007;20141106160007
35575816;0;3187008088;0;0;0321;430;20141106160008;20141106160008
35575260;0;21981159362;0;0;0321;018;20141106160006;20141106160006
35581637;0;3191630445;0;0;0321;430;20141106160008;20141106160008
35573165;0;3188078307;0;0;0321;430;20141106160008;20141106160008
35570295;0;3192064554;0;0;0321;430;20141106160008;20141106160008
35567086;0;3187220835;0;0;0321;430;20141106160008;20141106160008
35572418;0;3191428520;0;0;0321;430;20141106160008;20141106160008
35570985;0;3138211272;0;0;0125;102;20141106160007;20141106160007
35574178;0;3132805404;2;0;0121;232;20141106160006;20141106160006
35571987;0;3138253019;0;0;0125;102;20141106160007;20141106160007
35574231;0;3132805413;2;0;0121;232;20141106160006;20141106160006
35481380;0;21999459177;0;0;0321;018;20141106160006;20141106160006
9195623;1;3133559366;;;;;;20141106160007
35540850;0;3133559366;0;0;0125;102;20141106160007;20141106160007
35574195;0;3132805410;2;0;0121;232;20141106160006;20141106160006
35583456;0;21988747170;0;0;0321;018;20141106160006;20141106160006
35582291;0;21985391574;0;0;0321;018;20141106160006;20141106160006
35571716;0;21967352838;0;0;0321;018;20141106160006;20141106160006
35582256;0;21988787615;0;0;0321;018;20141106160006;20141106160006
35574180;0;3132805405;2;0;0121;232;20141106160006;20141106160006
35572746;0;3188537133;0;0;0321;430;20141106160008;20141106160008
35581935;0;3191076468;0;0;0321;430;20141106160008;20141106160008
35579541;0;3192114980;0;0;0321;430;20141106160008;20141106160008
35574346;0;3132805436;2;0;0121;232;20141106160007;20141106160007
35574325;0;3132805433;2;0;0121;232;20141106160007;20141106160007
35574358;0;3132805438;2;0;0121;232;20141106160007;20141106160007
35552435;0;3135953910;0;0;0125;102;20141106160007;20141106160007
35574780;0;3138218975;0;0;0125;102;20141106160007;20141106160007
35555444;0;3134440087;0;0;0125;102;20141106160007;20141106160007
35574397;0;3132805444;2;0;0121;232;20141106160007;20141106160007
14506592;1;3134270495;;;;;;20141106160007
35536327;0;3134270495;0;0;0125;102;20141106160007;20141106160007
35574381;0;3132805442;2;0;0121;232;20141106160007;20141106160007
35584026;0;3133225825;0;0;0125;102;20141106160007;20141106160007
35574352;0;3132805437;2;0;0121;232;20141106160007;20141106160007
35450747;0;3135320544;0;0;0125;102;20141106160007;20141106160007
35509206;0;2227328757;0;0;0125;101;20141106160006;20141106160006
35574456;0;24998138962;0;0;0321;018;20141106160006;20141106160006
35582658;0;24981420985;0;0;0321;018;20141106160006;20141106160006
35579698;0;3192849382;0;0;0321;430;20141106160008;20141106160008
35574374;0;3132805441;2;0;0121;232;20141106160007;20141106160007
35574404;0;3132805445;2;0;0121;232;20141106160007;20141106160007
35574297;0;3132805426;2;0;0121;232;20141106160007;20141106160007
35574423;0;3132805448;2;0;0121;232;20141106160007;20141106160007
35574413;0;3132805447;2;0;0121;232;20141106160007;20141106160007
35574369;0;3132805440;2;0;0121;232;20141106160007;20141106160007
35574314;0;3132805431;2;0;0121;232;20141106160007;20141106160007
35574387;0;3132805443;2;0;0121;232;20141106160007;20141106160007
35622383;0;3133783323;0;0;0131;031;20141106160007;20141106160007
35574406;0;3132805446;2;0;0121;232;20141106160007;20141106160007
35574428;0;3132805449;2;0;0121;232;20141106160007;20141106160007
35572163;0;3196412335;0;0;0321;430;20141106160008;20141106160008
35581365;0;3488792020;0;0;0321;430;20141106160009;20141106160009
34340024;1;3284322301;;;;;;20141106160014
1605698;1;3199829008;;;;;;20141106160008
35572069;0;3199829008;0;0;0321;430;20141106160008;20141106160008
35581520;0;3332779750;0;0;0125;102;20141106160008;20141106160008
35584081;0;3199349177;0;0;0321;430;20141106160008;20141106160008
35436832;1;4130555799;;;;;;20141106160009
35573796;0;4130555799;0;0;0114;041;20141106160009;20141106160009
35578488;0;3196909624;0;0;0321;430;20141106160008;20141106160008
35581941;0;3232162528;0;0;0125;102;20141106160008;20141106160008
12547770;1;4130420695;;;;;;20141106160009
35551533;0;4130420695;0;0;0143;541;20141106160009;20141106160009
35572270;0;3491262730;0;0;0321;430;20141106160009;20141106160009
12484333;1;4138886304;;;;;;20141106160009
35461703;0;4138886304;2;0;0121;241;20141106160009;20141106160009
35582403;0;3197264651;0;0;0321;430;20141106160008;20141106160008
35579087;0;3488449433;0;0;0312;034;20141106160008;20141106160008
3786216;1;3199558946;;;;;;20141106160008
35572419;0;3199558946;0;0;0321;430;20141106160008;20141106160008
35517303;0;3232177281;0;0;0125;102;20141106160008;20141106160008
35566652;0;3499171913;0;0;0321;430;20141106160009;20141106160009
35567848;0;3288333489;0;0;0321;430;20141106160008;20141106160008
35569516;0;4135526210;0;0;0125;141;20141106160009;20141106160009
35582970;0;3199968223;0;0;0321;430;20141106160008;20141106160008
35552946;0;4136697919;0;0;0125;141;20141106160009;20141106160009
35579067;0;3498039805;0;0;0312;034;20141106160009;20141106160009
35571977;0;3196553784;0;0;0321;430;20141106160008;20141106160008
35138038;0;3232365772;0;0;0125;102;20141106160008;20141106160008
35565757;0;3232347785;0;0;0125;102;20141106160008;20141106160008
35565750;0;3232326027;0;0;0125;102;20141106160008;20141106160008
35579002;0;3498020302;0;0;0312;034;20141106160009;20141106160009
35580915;0;3232187876;0;0;0125;102;20141106160008;20141106160008
35467266;0;3232180578;0;0;0125;102;20141106160008;20141106160008
35566538;0;4130426866;0;0;0114;041;20141106160009;20141106160009
35579036;0;3492830953;0;0;0312;034;20141106160009;20141106160009
35572735;0;3299908072;0;0;0321;430;20141106160008;20141106160008
35574104;0;3288160175;0;0;0321;430;20141106160008;20141106160008
35578105;0;3288227727;0;0;0321;430;20141106160008;20141106160008
35567761;0;3288009938;0;0;0321;430;20141106160008;20141106160008
35566485;0;3291455252;0;0;0321;430;20141106160008;20141106160008
35571573;0;3491224787;0;0;0321;430;20141106160009;20141106160009
35578106;0;3288332810;0;0;0321;430;20141106160008;20141106160008
35565119;0;3288735704;0;0;0321;430;20141106160008;20141106160008
35567626;0;3288224925;0;0;0321;430;20141106160008;20141106160008
12484335;1;4138886306;;;;;;20141106160009
35461712;0;4138886306;2;0;0121;241;20141106160009;20141106160009
12484343;1;4138886314;;;;;;20141106160009
35461755;0;4138886314;2;0;0121;241;20141106160009;20141106160009
22948633;1;3499607857;;;;;;20141106160015
12484331;1;4138886302;;;;;;20141106160009
35461691;0;4138886302;2;0;0121;241;20141106160009;20141106160009
12484336;1;4138886307;;;;;;20141106160009
35461715;0;4138886307;2;0;0121;241;20141106160009;20141106160009
35584273;0;4135326700;0;0;0114;041;20141106160009;20141106160009
35581559;0;3892153164;0;0;0321;430;20141106160009;20141106160009
35002118;1;4130762923;;;;;;20141106160015
12484338;1;4138886309;;;;;;20141106160009
35461725;0;4138886309;2;0;0121;241;20141106160009;20141106160009
35536488;0;4130442364;0;0;0143;541;20141106160009;20141106160009
12484330;1;4138886301;;;;;;20141106160009
35461688;0;4138886301;2;0;0121;241;20141106160009;20141106160009
12484337;1;4138886308;;;;;;20141106160009
35461721;0;4138886308;2;0;0121;241;20141106160009;20141106160009
35501277;0;4732417215;2;0;0125;147;20141106160009;20141106160009
12484339;1;4138886310;;;;;;20141106160009
35461727;0;4138886310;2;0;0121;241;20141106160009;20141106160009
12484332;1;4138886303;;;;;;20141106160009
35461699;0;4138886303;2;0;0121;241;20141106160009;20141106160009
12484340;1;4138886311;;;;;;20141106160009
35461735;0;4138886311;2;0;0121;241;20141106160009;20141106160009
12484342;1;4138886313;;;;;;20141106160009
35461748;0;4138886313;2;0;0121;241;20141106160009;20141106160009
12484341;1;4138886312;;;;;;20141106160009
35461740;0;4138886312;2;0;0121;241;20141106160009;20141106160009
35501279;0;4732417217;2;0;0125;147;20141106160009;20141106160009
12484344;1;4138886315;;;;;;20141106160009
35461759;0;4138886315;2;0;0121;241;20141106160009;20141106160009
12484357;1;4138886328;;;;;;20141106160009
35461898;0;4138886328;2;0;0121;241;20141106160009;20141106160009
12484345;1;4138886316;;;;;;20141106160009
35461803;0;4138886316;2;0;0121;241;20141106160009;20141106160009
12484348;1;4138886319;;;;;;20141106160009
35461820;0;4138886319;2;0;0121;241;20141106160009;20141106160009
12484350;1;4138886321;;;;;;20141106160009
35461830;0;4138886321;2;0;0121;241;20141106160009;20141106160009
12484354;1;4138886325;;;;;;20141106160009
35461887;0;4138886325;2;0;0121;241;20141106160009;20141106160009
12484355;1;4138886326;;;;;;20141106160009
35461890;0;4138886326;2;0;0121;241;20141106160009;20141106160009
12484346;1;4138886317;;;;;;20141106160009
35461809;0;4138886317;2;0;0121;241;20141106160009;20141106160009
12484347;1;4138886318;;;;;;20141106160009
35461814;0;4138886318;2;0;0121;241;20141106160009;20141106160009
35501281;0;4732417219;2;0;0125;147;20141106160009;20141106160009
12484349;1;4138886320;;;;;;20141106160009
35461826;0;4138886320;2;0;0121;241;20141106160009;20141106160009
35501269;0;4732417207;2;0;0125;147;20141106160009;20141106160009
35574151;0;4499940899;0;0;0321;441;20141106160009;20141106160009
35501282;0;4732417220;2;0;0125;147;20141106160009;20141106160009
35501270;0;4732417208;2;0;0125;147;20141106160009;20141106160009
35501262;0;4732417200;2;0;0125;147;20141106160009;20141106160009
35501280;0;4732417218;2;0;0125;147;20141106160009;20141106160009
35501278;0;4732417216;2;0;0125;147;20141106160009;20141106160009
35501286;0;4732417224;2;0;0125;147;20141106160009;20141106160009
12484359;1;4138886330;;;;;;20141106160009
35461907;0;4138886330;2;0;0121;241;20141106160009;20141106160009
35565305;0;4132428938;0;0;0125;141;20141106160009;20141106160009
35501266;0;4732417204;2;0;0125;147;20141106160009;20141106160009
35501268;0;4732417206;2;0;0125;147;20141106160009;20141106160009
12484329;1;4138886300;;;;;;20141106160009
35461685;0;4138886300;2;0;0121;241;20141106160009;20141106160009
35501274;0;4732417212;2;0;0125;147;20141106160009;20141106160009
35501275;0;4732417213;2;0;0125;147;20141106160009;20141106160009
35501267;0;4732417205;2;0;0125;147;20141106160009;20141106160009
35501265;0;4732417203;2;0;0125;147;20141106160009;20141106160009
35501276;0;4732417214;2;0;0125;147;20141106160009;20141106160009
35501273;0;4732417211;2;0;0125;147;20141106160009;20141106160009
35501272;0;4732417210;2;0;0125;147;20141106160009;20141106160009
12484334;1;4138886305;;;;;;20141106160009
35461708;0;4138886305;2;0;0121;241;20141106160009;20141106160009
35501271;0;4732417209;2;0;0125;147;20141106160009;20141106160009
35501283;0;4732417221;2;0;0125;147;20141106160009;20141106160009
12484366;1;4138886337;;;;;;20141106160009
35461932;0;4138886337;2;0;0121;241;20141106160009;20141106160009
35501285;0;4732417223;2;0;0125;147;20141106160009;20141106160009
12484356;1;4138886327;;;;;;20141106160009
35461896;0;4138886327;2;0;0121;241;20141106160009;20141106160009
30776771;1;4432636269;;;;;;20141106160016
12484371;1;4138886342;;;;;;20141106160009
35461957;0;4138886342;2;0;0121;241;20141106160009;20141106160009
35501284;0;4732417222;2;0;0125;147;20141106160009;20141106160009
35582408;0;4184801632;0;0;0321;441;20141106160009;20141106160009
35572661;0;4792445550;0;0;0321;447;20141106160010;20141106160010
12484361;1;4138886332;;;;;;20141106160009
35461915;0;4138886332;2;0;0121;241;20141106160009;20141106160009
12484360;1;4138886331;;;;;;20141106160009
35461910;0;4138886331;2;0;0121;241;20141106160009;20141106160009
12484362;1;4138886333;;;;;;20141106160009
35461918;0;4138886333;2;0;0121;241;20141106160009;20141106160009
35501263;0;4732417201;2;0;0125;147;20141106160009;20141106160009
12484364;1;4138886335;;;;;;20141106160009
35461923;0;4138886335;2;0;0121;241;20141106160009;20141106160009
12484365;1;4138886336;;;;;;20141106160009
35461929;0;4138886336;2;0;0121;241;20141106160009;20141106160009
12484351;1;4138886322;;;;;;20141106160009
35461833;0;4138886322;2;0;0121;241;20141106160009;20141106160009
12484363;1;4138886334;;;;;;20141106160009
35461920;0;4138886334;2;0;0121;241;20141106160009;20141106160009
12484352;1;4138886323;;;;;;20141106160009
35461865;0;4138886323;2;0;0121;241;20141106160009;20141106160009
12484358;1;4138886329;;;;;;20141106160009
35461901;0;4138886329;2;0;0121;241;20141106160009;20141106160009
35501287;0;4732417225;2;0;0125;147;20141106160010;20141106160010
12484353;1;4138886324;;;;;;20141106160009
35461881;0;4138886324;2;0;0121;241;20141106160009;20141106160009
12484367;1;4138886338;;;;;;20141106160009
35461936;0;4138886338;2;0;0121;241;20141106160009;20141106160009
12484369;1;4138886340;;;;;;20141106160009
35461948;0;4138886340;2;0;0121;241;20141106160009;20141106160009
35501288;0;4732417226;2;0;0125;147;20141106160010;20141106160010
35584125;0;4784947132;0;0;0321;447;20141106160010;20141106160010
35501264;0;4732417202;2;0;0125;147;20141106160009;20141106160009
35571840;0;4532244291;0;0;0125;141;20141106160009;20141106160009
35565143;0;4334238181;0;0;0125;141;20141106160009;20141106160009
35501303;0;4732417241;2;0;0125;147;20141106160010;20141106160010
35578329;0;4196551777;0;0;0321;441;20141106160009;20141106160009
24844905;1;4333487173;;;;;;20141106160017
35573033;0;4891044570;0;0;0321;447;20141106160013;20141106160013
35567125;0;4335345092;0;0;0143;541;20141106160009;20141106160009
35570961;0;4499990600;0;0;0321;441;20141106160009;20141106160009
12484368;1;4138886339;;;;;;20141106160009
35461941;0;4138886339;2;0;0121;241;20141106160009;20141106160009
35572620;0;4799746304;0;0;0321;447;20141106160013;20141106160013
12484377;1;4138886348;;;;;;20141106160009
35461987;0;4138886348;2;0;0121;241;20141106160009;20141106160009
35565627;0;4933238475;0;0;0125;147;20141106160013;20141106160013
35577177;0;4791376713;0;0;0321;447;20141106160010;20141106160010
34929190;0;4399518476;0;0;0321;441;20141106160009;20141106160009
35501289;0;4732417227;2;0;0125;147;20141106160010;20141106160010
12484370;1;4138886341;;;;;;20141106160009
35461953;0;4138886341;2;0;0121;241;20141106160009;20141106160009
35566894;0;4335420993;0;0;0143;541;20141106160009;20141106160009
28746340;1;4188586221;;;;;;20141106160017
12484376;1;4138886347;;;;;;20141106160009
35461981;0;4138886347;2;0;0121;241;20141106160009;20141106160009
35501301;0;4732417239;2;0;0125;147;20141106160010;20141106160010
12484374;1;4138886345;;;;;;20141106160009
35461971;0;4138886345;2;0;0121;241;20141106160009;20141106160009
12484372;1;4138886343;;;;;;20141106160009
35461960;0;4138886343;2;0;0121;241;20141106160009;20141106160009
35581669;0;4199063391;0;0;0321;441;20141106160009;20141106160009
12484373;1;4138886344;;;;;;20141106160009
35461967;0;4138886344;2;0;0121;241;20141106160009;20141106160009
35501309;0;4732417247;2;0;0125;147;20141106160010;20141106160010
34920027;0;5133728261;0;0;0125;151;20141106160014;20141106160014
35501305;0;4732417243;2;0;0125;147;20141106160010;20141106160010
35501310;0;4732417248;2;0;0125;147;20141106160010;20141106160010
35501311;0;4732417249;2;0;0125;147;20141106160010;20141106160010
35501308;0;4732417246;2;0;0125;147;20141106160010;20141106160010
23835235;1;4188178810;;;;;;20141106160017
12484378;1;4138886349;;;;;;20141106160009
35461989;0;4138886349;2;0;0121;241;20141106160009;20141106160009
12484375;1;4138886346;;;;;;20141106160009
35461975;0;4138886346;2;0;0121;241;20141106160009;20141106160009
27050583;1;4784068003;;;;;;20141106160010
35581562;0;4232336685;0;0;0143;541;20141106160009;20141106160009
35582248;0;4734269648;0;0;0125;147;20141106160010;20141106160010
35578771;0;4784068003;0;0;0321;447;20141106160010;20141106160010
35501294;0;4732417232;2;0;0125;147;20141106160010;20141106160010
35501307;0;4732417245;2;0;0125;147;20141106160010;20141106160010
35578035;0;4796770580;0;0;0321;447;20141106160013;20141106160013
35565628;0;4933286255;0;0;0125;147;20141106160014;20141106160014
6142118;1;4799348424;;;;;;20141106160013
35577535;0;4799348424;0;0;0321;447;20141106160013;20141106160013
35568022;0;4335342575;0;0;0143;541;20141106160009;20141106160009
35573614;0;4796126970;0;0;0321;447;20141106160013;20141106160013
35501299;0;4732417237;2;0;0125;147;20141106160010;20141106160010
35501296;0;4732417234;2;0;0125;147;20141106160010;20141106160010
35501290;0;4732417228;2;0;0125;147;20141106160010;20141106160010
35501300;0;4732417238;2;0;0125;147;20141106160010;20141106160010
35574493;0;4799513559;0;0;0321;447;20141106160013;20141106160013
35582193;0;4797770037;0;0;0321;447;20141106160013;20141106160013
35501298;0;4732417236;2;0;0125;147;20141106160010;20141106160010
35501295;0;4732417233;2;0;0125;147;20141106160010;20141106160010
35501291;0;4732417229;2;0;0125;147;20141106160010;20141106160010
35501293;0;4732417231;2;0;0125;147;20141106160010;20141106160010
35501306;0;4732417244;2;0;0125;147;20141106160010;20141106160010
35501292;0;4732417230;2;0;0125;147;20141106160010;20141106160010
35501297;0;4732417235;2;0;0125;147;20141106160010;20141106160010
35501304;0;4732417242;2;0;0125;147;20141106160010;20141106160010
35501302;0;4732417240;2;0;0125;147;20141106160010;20141106160010
35556061;0;4933121665;0;0;0125;147;20141106160013;20141106160013
35504196;0;4933294753;0;0;0125;147;20141106160014;20141106160014
35445981;0;5181166341;0;0;0321;006;20141106160014;20141106160014
35582741;0;4933298710;0;0;0125;147;20141106160014;20141106160014
35582740;0;4933297301;0;0;0125;147;20141106160014;20141106160014
34942044;0;5135571549;0;0;0125;151;20141106160014;20141106160014
35571291;0;5181562161;0;0;0321;006;20141106160014;20141106160014
35567087;0;5132255121;0;0;0125;151;20141106160014;20141106160014
32006377;1;5130491211;;;;;;20141106160018
35523851;0;5132263120;0;0;0125;151;20141106160014;20141106160014
35567088;0;5132686182;0;0;0125;151;20141106160014;20141106160014
31318325;1;5182600075;;;;;;20141106160014
35567563;0;5182600075;0;0;0321;006;20141106160014;20141106160014
35514112;0;5132596344;0;0;0125;151;20141106160014;20141106160014
35568205;0;5184580218;0;0;0321;006;20141106160014;20141106160014
35573038;0;4933299141;0;0;0125;147;20141106160014;20141106160014
35573916;0;5181256585;0;0;0321;006;20141106160014;20141106160014
35300490;0;5134776278;0;0;0125;151;20141106160014;20141106160014
32006380;1;5135981150;;;;;;20141106160014
35530092;0;5135981150;0;0;0125;151;20141106160014;20141106160014
35566891;0;4999190099;0;0;0321;447;20141106160014;20141106160014
35572757;0;4934442776;0;0;0208;183;20141106160014;20141106160014
35567981;0;5185698547;0;0;0321;006;20141106160014;20141106160014
35568659;0;5181838509;0;0;0321;006;20141106160014;20141106160014
35567089;0;5132213428;0;0;0125;151;20141106160014;20141106160014
35577204;0;5530287901;2;0;0114;051;20141106160014;20141106160014
35577206;0;5530287903;2;0;0114;051;20141106160014;20141106160014
35577205;0;5530287902;2;0;0114;051;20141106160014;20141106160014
35462561;0;5195618063;2;0;0314;551;20141106160014;20141106160014
32006378;1;5130491212;;;;;;20141106160019
35571003;0;5181414684;0;0;0321;006;20141106160014;20141106160014
35574089;0;5196900665;0;0;0321;006;20141106160014;20141106160014
25792383;1;5191981056;;;;;;20141106160019
35547721;0;5132265204;0;0;0125;151;20141106160014;20141106160014
17821099;1;5197203611;;;;;;20141106160014
35568207;0;5197203611;0;0;0321;006;20141106160014;20141106160014
35462562;0;5196666003;2;0;0314;551;20141106160014;20141106160014
35577216;0;5530287913;2;0;0114;051;20141106160014;20141106160014
35568702;0;5197718612;0;0;0321;006;20141106160014;20141106160014
35569194;0;5182219320;0;0;0321;006;20141106160014;20141106160014
35568088;0;5499250706;0;0;0321;006;20141106160014;20141106160014
35577209;0;5530287906;2;0;0114;051;20141106160014;20141106160014
35577217;0;5530287914;2;0;0114;051;20141106160014;20141106160014
35577210;0;5530287907;2;0;0114;051;20141106160014;20141106160014
35577208;0;5530287905;2;0;0114;051;20141106160014;20141106160014
35571476;0;5185890888;0;0;0321;006;20141106160014;20141106160014
35578448;0;5196604307;0;0;0321;006;20141106160014;20141106160014
35577214;0;5530287911;2;0;0114;051;20141106160014;20141106160014
35577212;0;5530287909;2;0;0114;051;20141106160014;20141106160014
35577211;0;5530287908;2;0;0114;051;20141106160014;20141106160014
35578510;0;6199999975;0;0;0321;063;20141106160015;20141106160015
35577213;0;5530287910;2;0;0114;051;20141106160014;20141106160014
35577222;0;5530287919;2;0;0114;051;20141106160014;20141106160014
35577237;0;5530289314;2;0;0114;051;20141106160014;20141106160014
1874433;1;6135687181;;;;;;20141106160015
35417459;0;6135687181;0;0;0125;161;20141106160015;20141106160015
22016306;1;5193633902;;;;;;20141106160019
35569635;0;5195793093;0;0;0321;006;20141106160014;20141106160014
35567866;0;5195802966;0;0;0321;006;20141106160014;20141106160014
35514676;0;5332791548;0;0;0125;152;20141106160014;20141106160014
17820899;1;5197203504;;;;;;20141106160014
35568206;0;5197203504;0;0;0321;006;20141106160014;20141106160014
33551251;1;5491210073;;;;;;20141106160019
35577305;0;5199141748;0;0;0321;006;20141106160014;20141106160014
35577226;0;5530289303;2;0;0114;051;20141106160014;20141106160014
35577229;0;5530289306;2;0;0114;051;20141106160014;20141106160014
35577236;0;5530289313;2;0;0114;051;20141106160014;20141106160014
35435228;0;5381426700;2;0;0314;551;20141106160014;20141106160014
35577227;0;5530289304;2;0;0114;051;20141106160014;20141106160014
35577223;0;5530289300;2;0;0114;051;20141106160014;20141106160014
35462563;0;5199896731;2;0;0314;551;20141106160014;20141106160014
35577228;0;5530289305;2;0;0114;051;20141106160014;20141106160014
35577234;0;5530289311;2;0;0114;051;20141106160014;20141106160014
1607963;1;5199841721;;;;;;20141106160014
35569353;0;5199841721;0;0;0321;006;20141106160014;20141106160014
3328943;1;5532221714;;;;;;20141106160015
35577244;0;5532221714;2;0;0114;051;20141106160015;20141106160015
35435226;0;5381426688;2;0;0314;551;20141106160014;20141106160014
33993385;1;5491012901;;;;;;20141106160020
35577219;0;5530287916;2;0;0114;051;20141106160014;20141106160014
35578521;0;5198575977;0;0;0321;006;20141106160014;20141106160014
35435227;0;5381426699;2;0;0314;551;20141106160014;20141106160014
35576453;0;5481363636;0;0;0321;006;20141106160014;20141106160014
35577207;0;5530287904;2;0;0114;051;20141106160014;20141106160014
35577235;0;5530289312;2;0;0114;051;20141106160014;20141106160014
35577240;0;5530289317;2;0;0114;051;20141106160015;20141106160015
3328942;1;5532234266;;;;;;20141106160015
35577245;0;5532234266;2;0;0114;051;20141106160015;20141106160015
35577215;0;5530287912;2;0;0114;051;20141106160014;20141106160014
35577230;0;5530289307;2;0;0114;051;20141106160014;20141106160014
35577218;0;5530287915;2;0;0114;051;20141106160014;20141106160014
35577220;0;5530287917;2;0;0114;051;20141106160014;20141106160014
35577225;0;5530289302;2;0;0114;051;20141106160014;20141106160014
35577221;0;5530287918;2;0;0114;051;20141106160014;20141106160014
35577224;0;5530289301;2;0;0114;051;20141106160014;20141106160014
35566755;0;6130342684;0;0;0114;061;20141106160015;20141106160015
35577231;0;5530289308;2;0;0114;051;20141106160014;20141106160014
35577233;0;5530289310;2;0;0114;051;20141106160014;20141106160014
35577232;0;5530289309;2;0;0114;051;20141106160014;20141106160014
35576322;0;5532231598;0;0;0125;151;20141106160015;20141106160015
35565543;0;6133016561;0;0;0125;161;20141106160015;20141106160015
35524598;0;6132975323;0;0;0125;161;20141106160015;20141106160015
3328944;1;5532171947;;;;;;20141106160015
35577243;0;5532171947;2;0;0114;051;20141106160015;20141106160015
35542386;0;5532226289;0;0;0125;151;20141106160015;20141106160015
35572619;0;5198749450;0;0;0321;006;20141106160014;20141106160014
35576892;0;5481222579;0;0;0321;006;20141106160014;20141106160014
35569894;0;5499441452;0;0;0321;006;20141106160014;20141106160014
30869486;1;5491022405;;;;;;20141106160021
35462564;0;5199936287;2;0;0314;551;20141106160014;20141106160014
35566289;0;5484396649;0;0;0321;006;20141106160014;20141106160014
35577238;0;5530289315;2;0;0114;051;20141106160015;20141106160015
35577239;0;5530289316;2;0;0114;051;20141106160015;20141106160015
3328945;1;5532170951;;;;;;20141106160015
35577242;0;5532170951;2;0;0114;051;20141106160015;20141106160015
3328941;1;5532170249;;;;;;20141106160015
35577241;0;5532170249;2;0;0114;051;20141106160015;20141106160015
14140740;1;6230877796;;;;;;20141106160021
34563331;1;6182616928;;;;;;20141106160015
35576583;0;6182616928;0;0;0321;063;20141106160015;20141106160015
35165011;0;6134273467;0;0;0125;161;20141106160015;20141106160015
35569712;0;6184047810;0;0;0321;063;20141106160015;20141106160015
35567461;0;6182350777;0;0;0321;063;20141106160015;20141106160015
34497821;1;6193158551;;;;;;20141106160021
35522648;0;6134351454;0;0;0125;161;20141106160015;20141106160015
35568932;0;6181033972;0;0;0321;063;20141106160015;20141106160015
8921685;1;6133273002;;;;;;20141106160021
31069992;1;6230921982;;;;;;20141106160021
27866185;1;6232100722;;;;;;20141106160021
35515607;0;6181889887;0;0;0321;063;20141106160015;20141106160015
27866253;1;6232100733;;;;;;20141106160021
26992586;1;6133523891;;;;;;20141106160021
23063124;1;6133561085;;;;;;20141106160021
34192334;1;6133817421;;;;;;20141106160021
35565811;0;6232561401;0;0;0125;162;20141106160015;20141106160015
26498453;1;6232815995;;;;;;20141106160015
35542233;0;6232815995;0;0;0125;162;20141106160015;20141106160015
35573336;0;6198258617;0;0;0321;063;20141106160015;20141106160015
35574798;0;6184348477;0;0;0321;063;20141106160015;20141106160015
31970371;1;6185144954;;;;;;20141106160015
35576297;0;6185144954;0;0;0321;063;20141106160015;20141106160015
35554932;0;6232802690;0;0;0125;162;20141106160015;20141106160015
35547908;0;6232893780;0;0;0125;162;20141106160015;20141106160015
25035248;1;6191339628;;;;;;20141106160021
35550852;0;6238789858;2;0;0215;960;20141106160015;20141106160015
35581817;0;6196865682;0;0;0321;063;20141106160015;20141106160015
35581673;0;6232894496;0;0;0125;162;20141106160015;20141106160015
34497753;1;6193618909;;;;;;20141106160021
35550863;0;6238789869;2;0;0215;960;20141106160015;20141106160015
35550859;0;6238789865;2;0;0215;960;20141106160015;20141106160015
35550851;0;6238789857;2;0;0215;960;20141106160015;20141106160015
35550850;0;6238789856;2;0;0215;960;20141106160015;20141106160015
35565566;0;6232812993;0;0;0125;162;20141106160015;20141106160015
35565092;0;6230882147;0;0;0114;062;20141106160015;20141106160015
35576342;0;6196992386;0;0;0321;063;20141106160015;20141106160015
35568382;0;6199836390;0;0;0321;063;20141106160015;20141106160015
35550865;0;6238789871;2;0;0215;960;20141106160015;20141106160015
35550862;0;6238789868;2;0;0215;960;20141106160015;20141106160015
35550864;0;6238789870;2;0;0215;960;20141106160015;20141106160015
35550857;0;6238789863;2;0;0215;960;20141106160015;20141106160015
35550860;0;6238789866;2;0;0215;960;20141106160015;20141106160015
35550861;0;6238789867;2;0;0215;960;20141106160015;20141106160015
35550846;0;6238789852;2;0;0215;960;20141106160015;20141106160015
35550858;0;6238789864;2;0;0215;960;20141106160015;20141106160015
35550848;0;6238789854;2;0;0215;960;20141106160015;20141106160015
35477722;0;6536530690;0;0;0125;165;20141106160016;20141106160016
35550870;0;6238789876;2;0;0215;960;20141106160015;20141106160015
35550866;0;6238789872;2;0;0215;960;20141106160015;20141106160015
35550869;0;6238789875;2;0;0215;960;20141106160015;20141106160015
35550867;0;6238789873;2;0;0215;960;20141106160015;20141106160015
35550868;0;6238789874;2;0;0215;960;20141106160015;20141106160015
35550879;0;6238789885;2;0;0215;960;20141106160015;20141106160015
35570756;0;7131144620;2;0;0121;271;20141106160016;20141106160016
35550876;0;6238789882;2;0;0215;960;20141106160015;20141106160015
35570724;0;7131144610;2;0;0121;271;20141106160016;20141106160016
23904389;1;6293056684;;;;;;20141106160022
35567186;0;6236363420;0;0;0125;162;20141106160015;20141106160015
35570728;0;7131144611;2;0;0121;271;20141106160016;20141106160016
35550871;0;6238789877;2;0;0215;960;20141106160015;20141106160015
35570735;0;7131144613;2;0;0121;271;20141106160016;20141106160016
35550873;0;6238789879;2;0;0215;960;20141106160015;20141106160015
35505263;0;6234346671;0;0;0125;162;20141106160015;20141106160015
35248376;1;6232995275;;;;;;20141106160022
425944;1;6232924215;;;;;;20141106160022
35565456;0;6234342594;0;0;0125;162;20141106160015;20141106160015
24259069;1;6232871828;;;;;;20141106160022
35550844;0;6238789850;2;0;0215;960;20141106160015;20141106160015
35570723;0;7131144609;2;0;0121;271;20141106160016;20141106160016
35582058;0;6699189190;0;0;0321;057;20141106160016;20141106160016
35550856;0;6238789862;2;0;0215;960;20141106160015;20141106160015
35570729;0;7131144612;2;0;0121;271;20141106160016;20141106160016
31194562;1;6235755697;;;;;;20141106160022
35550847;0;6238789853;2;0;0215;960;20141106160015;20141106160015
35550845;0;6238789851;2;0;0215;960;20141106160015;20141106160015
35550849;0;6238789855;2;0;0215;960;20141106160015;20141106160015
35570751;0;7131144617;2;0;0121;271;20141106160016;20141106160016
35550872;0;6238789878;2;0;0215;960;20141106160015;20141106160015
35550853;0;6238789859;2;0;0215;960;20141106160015;20141106160015
35550854;0;6238789860;2;0;0215;960;20141106160015;20141106160015
35550855;0;6238789861;2;0;0215;960;20141106160015;20141106160015
35570746;0;7131144616;2;0;0121;271;20141106160016;20141106160016
35550883;0;6238789889;2;0;0215;960;20141106160015;20141106160015
35550885;0;6238789891;2;0;0215;960;20141106160015;20141106160015
35570740;0;7131144614;2;0;0121;271;20141106160016;20141106160016
35550878;0;6238789884;2;0;0215;960;20141106160015;20141106160015
35550890;0;6238789896;2;0;0215;960;20141106160015;20141106160015
35570739;0;7131144615;2;0;0121;271;20141106160016;20141106160016
35570759;0;7131144622;2;0;0121;271;20141106160016;20141106160016
35550880;0;6238789886;2;0;0215;960;20141106160015;20141106160015
35550892;0;6238789898;2;0;0215;960;20141106160015;20141106160015
35550888;0;6238789894;2;0;0215;960;20141106160015;20141106160015
35550874;0;6238789880;2;0;0215;960;20141106160015;20141106160015
35570820;0;7131144635;2;0;0121;271;20141106160016;20141106160016
35550875;0;6238789881;2;0;0215;960;20141106160015;20141106160015
35550881;0;6238789887;2;0;0215;960;20141106160015;20141106160015
25351314;1;6239411663;;;;;;20141106160015
35540221;0;6239411663;0;0;0114;062;20141106160015;20141106160015
35550877;0;6238789883;2;0;0215;960;20141106160015;20141106160015
35550882;0;6238789888;2;0;0215;960;20141106160015;20141106160015
35582057;0;6699181442;0;0;0321;057;20141106160016;20141106160016
35550884;0;6238789890;2;0;0215;960;20141106160015;20141106160015
35550886;0;6238789892;2;0;0215;960;20141106160015;20141106160015
35550891;0;6238789897;2;0;0215;960;20141106160015;20141106160015
35550887;0;6238789893;2;0;0215;960;20141106160015;20141106160015
35570827;0;7131144637;2;0;0121;271;20141106160016;20141106160016
35569739;0;6436239680;0;0;0125;162;20141106160016;20141106160016
35570845;0;7131144642;2;0;0121;271;20141106160016;20141106160016
35570810;0;7131144632;2;0;0121;271;20141106160016;20141106160016
35570809;0;7131144631;2;0;0121;271;20141106160016;20141106160016
35582059;0;6699981394;0;0;0321;057;20141106160016;20141106160016
35570825;0;7131144636;2;0;0121;271;20141106160016;20141106160016
35570887;0;7131144655;2;0;0121;271;20141106160016;20141106160016
35570839;0;7131144641;2;0;0121;271;20141106160016;20141106160016
35570906;0;7131144663;2;0;0121;271;20141106160016;20141106160016
35574294;0;6284055441;0;0;0321;077;20141106160016;20141106160016
35570761;0;7131144623;2;0;0121;271;20141106160016;20141106160016
35570850;0;7131144645;2;0;0121;271;20141106160016;20141106160016
35570836;0;7131144640;2;0;0121;271;20141106160016;20141106160016
35570718;0;7131144607;2;0;0121;271;20141106160016;20141106160016
35550889;0;6238789895;2;0;0215;960;20141106160015;20141106160015
35570715;0;7131144606;2;0;0121;271;20141106160016;20141106160016
35570722;0;7131144608;2;0;0121;271;20141106160016;20141106160016
35506474;0;6281352730;0;0;0321;077;20141106160016;20141106160016
35570713;0;7131144605;2;0;0121;271;20141106160016;20141106160016
31742304;1;6536948760;;;;;;20141106160023
35534014;0;6634255414;0;0;0125;165;20141106160016;20141106160016
35570768;0;7131144625;2;0;0121;271;20141106160016;20141106160016
35570774;0;7131144627;2;0;0121;271;20141106160016;20141106160016
35570775;0;7131144628;2;0;0121;271;20141106160016;20141106160016
35507060;0;6734245351;0;0;0125;167;20141106160016;20141106160016
35566132;0;6732018921;0;0;0114;067;20141106160016;20141106160016
35302269;0;6733841000;0;0;0125;167;20141106160016;20141106160016
32251864;1;6832228515;;;;;;20141106160024
35570712;0;7131144604;2;0;0121;271;20141106160016;20141106160016
35570754;0;7131144619;2;0;0121;271;20141106160016;20141106160016
35570748;0;7131144618;2;0;0121;271;20141106160016;20141106160016
35570859;0;7131144646;2;0;0121;271;20141106160016;20141106160016
35570758;0;7131144621;2;0;0121;271;20141106160016;20141106160016
35570834;0;7131144639;2;0;0121;271;20141106160016;20141106160016
35570806;0;7131144630;2;0;0121;271;20141106160016;20141106160016
35570770;0;7131144626;2;0;0121;271;20141106160016;20141106160016
35570863;0;7131144647;2;0;0121;271;20141106160016;20141106160016
35570799;0;7131144629;2;0;0121;271;20141106160016;20141106160016
35570764;0;7131144624;2;0;0121;271;20141106160016;20141106160016
35570829;0;7131144638;2;0;0121;271;20141106160016;20141106160016
35570814;0;7131144633;2;0;0121;271;20141106160016;20141106160016
35570817;0;7131144634;2;0;0121;271;20141106160016;20141106160016
35582060;0;6699985373;0;0;0321;057;20141106160016;20141106160016
35570873;0;7131144652;2;0;0121;271;20141106160016;20141106160016
18693911;1;6536610089;;;;;;20141106160016
35519383;0;6536610089;0;0;0125;165;20141106160016;20141106160016
35550893;0;6238789899;2;0;0215;960;20141106160015;20141106160015
35571550;0;6496422545;0;0;0321;077;20141106160016;20141106160016
35570865;0;7131144648;2;0;0121;271;20141106160016;20141106160016
35570846;0;7131144643;2;0;0121;271;20141106160016;20141106160016
35570883;0;7131144654;2;0;0121;271;20141106160016;20141106160016
35570867;0;7131144649;2;0;0121;271;20141106160016;20141106160016
35570872;0;7131144651;2;0;0121;271;20141106160016;20141106160016
35570880;0;7131144653;2;0;0121;271;20141106160016;20141106160016
35570869;0;7131144650;2;0;0121;271;20141106160016;20141106160016
35570848;0;7131144644;2;0;0121;271;20141106160016;20141106160016
35584015;0;6599079037;0;0;0321;057;20141106160016;20141106160016
35570709;0;7131144603;2;0;0121;271;20141106160016;20141106160016
35570701;0;7131144600;2;0;0121;271;20141106160016;20141106160016
35570705;0;7131144601;2;0;0121;271;20141106160016;20141106160016
35570707;0;7131144602;2;0;0121;271;20141106160016;20141106160016
35570893;0;7131144657;2;0;0121;271;20141106160016;20141106160016
35570888;0;7131144656;2;0;0121;271;20141106160016;20141106160016
35570905;0;7131144662;2;0;0121;271;20141106160016;20141106160016
35570896;0;7131144658;2;0;0121;271;20141106160016;20141106160016
35570978;0;7131144678;2;0;0121;271;20141106160017;20141106160017
35570909;0;7131144664;2;0;0121;271;20141106160016;20141106160016
35570899;0;7131144660;2;0;0121;271;20141106160016;20141106160016
35570898;0;7131144659;2;0;0121;271;20141106160016;20141106160016
35570902;0;7131144661;2;0;0121;271;20141106160016;20141106160016
35570477;0;7133038267;2;0;0121;271;20141106160017;20141106160017
35570946;0;7131144668;2;0;0121;271;20141106160017;20141106160017
35570955;0;7131144673;2;0;0121;271;20141106160017;20141106160017
35570910;0;7131144665;2;0;0121;271;20141106160016;20141106160016
35570470;0;7133038264;2;0;0121;271;20141106160017;20141106160017
35570418;0;7133038263;2;0;0121;271;20141106160017;20141106160017
35570408;0;7133038260;2;0;0121;271;20141106160017;20141106160017
35570968;0;7131144676;2;0;0121;271;20141106160017;20141106160017
35570411;0;7133038261;2;0;0121;271;20141106160017;20141106160017
35570380;0;7133038253;2;0;0121;271;20141106160017;20141106160017
35570471;0;7133038265;2;0;0121;271;20141106160017;20141106160017
35570981;0;7131144679;2;0;0121;271;20141106160017;20141106160017
35570983;0;7131144680;2;0;0121;271;20141106160017;20141106160017
35570382;0;7133038254;2;0;0121;271;20141106160017;20141106160017
35570935;0;7131144666;2;0;0121;271;20141106160016;20141106160016
35570392;0;7133038258;2;0;0121;271;20141106160017;20141106160017
35570415;0;7133038262;2;0;0121;271;20141106160017;20141106160017
35570940;0;7131144667;2;0;0121;271;20141106160016;20141106160016
35570973;0;7131144677;2;0;0121;271;20141106160017;20141106160017
35570387;0;7133038256;2;0;0121;271;20141106160017;20141106160017
35570384;0;7133038255;2;0;0121;271;20141106160017;20141106160017
35570378;0;7133038251;2;0;0121;271;20141106160017;20141106160017
35570480;0;7133038269;2;0;0121;271;20141106160017;20141106160017
35570472;0;7133038266;2;0;0121;271;20141106160017;20141106160017
35570950;0;7131144670;2;0;0121;271;20141106160017;20141106160017
35570479;0;7133038268;2;0;0121;271;20141106160017;20141106160017
35570389;0;7133038257;2;0;0121;271;20141106160017;20141106160017
35570965;0;7131144675;2;0;0121;271;20141106160017;20141106160017
35570395;0;7133038259;2;0;0121;271;20141106160017;20141106160017
35570951;0;7131144671;2;0;0121;271;20141106160017;20141106160017
35570993;0;7131144682;2;0;0121;271;20141106160017;20141106160017
35570948;0;7131144669;2;0;0121;271;20141106160017;20141106160017
35570960;0;7131144674;2;0;0121;271;20141106160017;20141106160017
35571019;0;7131144689;2;0;0121;271;20141106160017;20141106160017
35570488;0;7133038271;2;0;0121;271;20141106160017;20141106160017
35571029;0;7131144694;2;0;0121;271;20141106160017;20141106160017
35570953;0;7131144672;2;0;0121;271;20141106160017;20141106160017
35570485;0;7133038270;2;0;0121;271;20141106160017;20141106160017
35573459;0;7132328271;0;0;0125;387;20141106160017;20141106160017
35570491;0;7133038272;2;0;0121;271;20141106160017;20141106160017
35571004;0;7131144685;2;0;0121;271;20141106160017;20141106160017
35570998;0;7131144684;2;0;0121;271;20141106160017;20141106160017
35571014;0;7131144688;2;0;0121;271;20141106160017;20141106160017
26943632;1;7132315367;;;;;;20141106160017
35637066;0;7132315367;0;0;0121;271;20141106160017;20141106160017
35571040;0;7131144699;2;0;0121;271;20141106160017;20141106160017
35571000;0;7131144683;2;0;0121;271;20141106160017;20141106160017
35570988;0;7131144681;2;0;0121;271;20141106160017;20141106160017
35571024;0;7131144692;2;0;0121;271;20141106160017;20141106160017
35571021;0;7131144690;2;0;0121;271;20141106160017;20141106160017
35571026;0;7131144693;2;0;0121;271;20141106160017;20141106160017
35571032;0;7131144696;2;0;0121;271;20141106160017;20141106160017
35570492;0;7133038273;2;0;0121;271;20141106160017;20141106160017
35570515;0;7133038277;2;0;0121;271;20141106160017;20141106160017
35570497;0;7133038274;2;0;0121;271;20141106160017;20141106160017
35571031;0;7131144695;2;0;0121;271;20141106160017;20141106160017
35570513;0;7133038278;2;0;0121;271;20141106160017;20141106160017
35571005;0;7131144686;2;0;0121;271;20141106160017;20141106160017
35571022;0;7131144691;2;0;0121;271;20141106160017;20141106160017
35570499;0;7133038275;2;0;0121;271;20141106160017;20141106160017
35571009;0;7131144687;2;0;0121;271;20141106160017;20141106160017
35567901;0;8132431360;0;0;0125;389;20141106160018;20141106160018
35579208;0;8132275687;0;0;0125;389;20141106160018;20141106160018
35637480;0;8007235520;1;0;0121;212;20141106160018;20141106160018
35507289;0;8132032874;0;0;0125;389;20141106160018;20141106160018
35571037;0;7131144697;2;0;0121;271;20141106160017;20141106160017
35571038;0;7131144698;2;0;0121;271;20141106160017;20141106160017
35622641;0;7133463086;0;0;0131;071;20141106160017;20141106160017
35570514;0;7133038276;2;0;0121;271;20141106160017;20141106160017
35570529;0;7133038285;2;0;0121;271;20141106160017;20141106160017
35348937;0;7133771052;2;0;0125;387;20141106160017;20141106160017
35570530;0;7133038284;2;0;0121;271;20141106160017;20141106160017
35570524;0;7133038282;2;0;0121;271;20141106160017;20141106160017
35574738;0;8432215200;0;0;0152;544;20141106160018;20141106160018
35570537;0;7133038288;2;0;0121;271;20141106160017;20141106160017
35570516;0;7133038279;2;0;0121;271;20141106160017;20141106160017
35637361;0;8000212105;1;0;0131;021;20141106160018;20141106160018
35570532;0;7133038286;2;0;0121;271;20141106160017;20141106160017
29034396;1;7133318098;;;;;;20141106160017
35520933;0;7133318098;0;0;0125;387;20141106160017;20141106160017
35641533;0;8007290849;1;0;0121;212;20141106160018;20141106160018
35621099;0;7136440559;0;0;0131;071;20141106160017;20141106160017
35572711;0;7188321234;0;0;0321;471;20141106160018;20141106160018
35567465;0;7132376886;0;0;0125;387;20141106160017;20141106160017
35582892;0;7132351524;0;0;0125;387;20141106160017;20141106160017
25332920;1;8232931416;;;;;;20141106160018
35623923;0;8232931416;0;0;0131;082;20141106160018;20141106160018
35570370;0;7133038250;2;0;0121;271;20141106160017;20141106160017
35570379;0;7133038252;2;0;0121;271;20141106160017;20141106160017
35622883;0;7136482971;0;0;0131;071;20141106160018;20141106160018
35576263;0;8133392359;0;0;0125;389;20141106160018;20141106160018
35573260;0;7188054232;0;0;0321;471;20141106160018;20141106160018
35530484;0;8539235802;2;0;0121;285;20141106160018;20141106160018
35637221;0;8009400373;1;0;0112;351;20141106160018;20141106160018
35574709;0;8432172885;0;0;0152;544;20141106160018;20141106160018
35018215;0;7532210464;0;0;0125;387;20141106160018;20141106160018
35566898;0;8132213690;0;0;0125;389;20141106160018;20141106160018
35640968;0;8007290854;1;0;0121;212;20141106160018;20141106160018
35573119;0;7186919160;0;0;0321;471;20141106160018;20141106160018
35574706;0;8432173826;0;0;0152;544;20141106160018;20141106160018
25653168;1;8330214473;;;;;;20141106160026
35570520;0;7133038280;2;0;0121;271;20141106160017;20141106160017
35573893;0;8000370900;1;0;0131;021;20141106160018;20141106160018
35583965;0;8196495272;0;0;0321;023;20141106160018;20141106160018
35446543;0;8233773231;0;0;0125;464;20141106160018;20141106160018
35312470;0;8134346369;0;0;0125;389;20141106160018;20141106160018
34666945;1;8388869700;;;;;;20141106160018
35571527;0;8388869700;0;0;0321;024;20141106160018;20141106160018
35570522;0;7133038281;2;0;0121;271;20141106160017;20141106160017
30834827;1;8191113690;;;;;;20141106160018
34955147;0;8191113690;0;0;0321;023;20141106160018;20141106160018
35641531;0;8007290852;1;0;0121;212;20141106160018;20141106160018
35570595;0;7133038298;2;0;0121;271;20141106160017;20141106160017
35570593;0;7133038297;2;0;0121;271;20141106160017;20141106160017
35570526;0;7133038283;2;0;0121;271;20141106160017;20141106160017
35570539;0;7133038290;2;0;0121;271;20141106160017;20141106160017
35574716;0;8432021181;0;0;0152;544;20141106160018;20141106160018
35581819;0;7932119897;0;0;0125;477;20141106160018;20141106160018
35570556;0;7133038293;2;0;0121;271;20141106160017;20141106160017
35570534;0;7133038287;2;0;0121;271;20141106160017;20141106160017
35638261;0;8006460110;1;0;0114;041;20141106160018;20141106160018
35575117;0;8000313171;1;0;0131;021;20141106160018;20141106160018
35554936;0;7932118157;0;0;0125;477;20141106160018;20141106160018
35637249;0;8009400529;1;0;0112;351;20141106160018;20141106160018
35299777;0;7536166509;0;0;0125;387;20141106160018;20141106160018
35574737;0;8432215068;0;0;0152;544;20141106160018;20141106160018
35570538;0;7133038289;2;0;0121;271;20141106160017;20141106160017
35570549;0;7133038291;2;0;0121;271;20141106160017;20141106160017
35570581;0;7133038295;2;0;0121;271;20141106160017;20141106160017
35570592;0;7133038296;2;0;0121;271;20141106160017;20141106160017
35570572;0;7133038294;2;0;0121;271;20141106160017;20141106160017
35570597;0;7133038299;2;0;0121;271;20141106160017;20141106160017
35570553;0;7133038292;2;0;0121;271;20141106160017;20141106160017
35581820;0;7932119875;0;0;0125;477;20141106160018;20141106160018
35574735;0;8432215792;0;0;0152;544;20141106160018;20141106160018
35555109;0;7932472961;0;0;0125;477;20141106160018;20141106160018
35641532;0;8007217130;1;0;0121;212;20141106160018;20141106160018
35636930;0;8007212127;1;0;0121;212;20141106160018;20141106160018
35567303;0;8000282146;1;0;0131;021;20141106160018;20141106160018
25628229;1;8007209733;;;;;;20141106160018
35547383;0;8007209733;1;0;0131;021;20141106160018;20141106160018
35567578;0;8532841530;0;0;0125;388;20141106160018;20141106160018
35575454;0;8499798464;0;0;0321;032;20141106160018;20141106160018
26699029;1;8432222032;;;;;;20141106160018
35574719;0;8432222032;0;0;0152;544;20141106160018;20141106160018
35530500;0;8539235804;2;0;0121;285;20141106160018;20141106160018
35530528;0;8539235809;2;0;0121;285;20141106160018;20141106160018
35530488;0;8539235803;2;0;0121;285;20141106160018;20141106160018
35530503;0;8539235805;2;0;0121;285;20141106160018;20141106160018
35574728;0;8432310104;0;0;0152;544;20141106160018;20141106160018
35477334;0;8533827962;0;0;0125;388;20141106160018;20141106160018
35530476;0;8539235800;2;0;0121;285;20141106160018;20141106160018
35530479;0;8539235801;2;0;0121;285;20141106160018;20141106160018
20478106;1;8491368093;;;;;;20141106160027
34877491;0;8532245592;0;0;0181;809;20141106160018;20141106160018
35530508;0;8539235806;2;0;0121;285;20141106160018;20141106160018
35530570;0;8539235812;2;0;0121;285;20141106160018;20141106160018
35530516;0;8539235807;2;0;0121;285;20141106160018;20141106160018
35530768;0;8539235829;2;0;0121;285;20141106160018;20141106160018
35584123;0;8597239282;0;0;0321;028;20141106160019;20141106160019
11597461;1;8588244652;;;;;;20141106160019
35584063;0;8588244652;0;0;0321;028;20141106160019;20141106160019
35570966;0;8589605051;0;0;0321;028;20141106160019;20141106160019
35573261;0;8589597156;0;0;0321;028;20141106160019;20141106160019
35530749;0;8539235826;2;0;0121;285;20141106160018;20141106160018
35572161;0;8581271314;0;0;0321;028;20141106160019;20141106160019
35530839;0;8539235839;2;0;0121;285;20141106160018;20141106160018
35530911;0;8539235843;2;0;0121;285;20141106160018;20141106160018
35530580;0;8539235814;2;0;0121;285;20141106160018;20141106160018
35530521;0;8539235808;2;0;0121;285;20141106160018;20141106160018
35530538;0;8539235810;2;0;0121;285;20141106160018;20141106160018
35530574;0;8539235813;2;0;0121;285;20141106160018;20141106160018
35530908;0;8539235842;2;0;0121;285;20141106160018;20141106160018
35530704;0;8539235822;2;0;0121;285;20141106160018;20141106160018
35583099;0;94981163917;0;0;0321;494;20141106160019;20141106160019
35530744;0;8539235825;2;0;0121;285;20141106160018;20141106160018
35575297;0;98999443512;0;0;0321;499;20141106160019;20141106160019
35530954;0;8539235848;2;0;0121;285;20141106160019;20141106160019
35573919;0;8597890072;0;0;0321;028;20141106160019;20141106160019
35530946;0;8539235847;2;0;0121;285;20141106160019;20141106160019
35584092;0;8587269946;0;0;0321;028;20141106160019;20141106160019
35583944;0;8581737203;0;0;0321;028;20141106160019;20141106160019
2028904;1;8586809229;;;;;;20141106160019
35571574;0;8586809229;0;0;0321;028;20141106160019;20141106160019
35530791;0;8539235833;2;0;0121;285;20141106160018;20141106160018
35530794;0;8539235834;2;0;0121;285;20141106160018;20141106160018
35530708;0;8539235823;2;0;0121;285;20141106160018;20141106160018
35530756;0;8539235827;2;0;0121;285;20141106160018;20141106160018
35530586;0;8539235815;2;0;0121;285;20141106160018;20141106160018
35530786;0;8539235831;2;0;0121;285;20141106160018;20141106160018
35582211;0;92991523281;0;0;0321;493;20141106160019;20141106160019
35379799;1;9137714766;;;;;;20141106160019
35623410;0;9137714766;0;0;0131;091;20141106160019;20141106160019
35568210;0;8597419851;0;0;0321;028;20141106160019;20141106160019
35582210;0;92991523280;0;0;0321;493;20141106160019;20141106160019
35530596;0;8539235816;2;0;0121;285;20141106160018;20141106160018
35530957;0;8539235849;2;0;0121;285;20141106160019;20141106160019
35582661;0;8587302282;0;0;0321;028;20141106160019;20141106160019
35530824;0;8539235838;2;0;0121;285;20141106160018;20141106160018
35530783;0;8539235830;2;0;0121;285;20141106160018;20141106160018
27160004;1;9132711020;;;;;;20141106160019
35636893;0;9132711020;0;0;0121;291;20141106160019;20141106160019
35530916;0;8539235844;2;0;0121;285;20141106160018;20141106160018
35530855;0;8539235840;2;0;0121;285;20141106160018;20141106160018
35582675;0;8581274295;0;0;0321;028;20141106160019;20141106160019
35530873;0;8539235841;2;0;0121;285;20141106160018;20141106160018
35530730;0;8539235824;2;0;0121;285;20141106160018;20141106160018
35530763;0;8539235828;2;0;0121;285;20141106160018;20141106160018
35530800;0;8539235835;2;0;0121;285;20141106160018;20141106160018
35530933;0;8539235845;2;0;0121;285;20141106160018;20141106160018
35530608;0;8539235818;2;0;0121;285;20141106160018;20141106160018
35530599;0;8539235817;2;0;0121;285;20141106160018;20141106160018
35530788;0;8539235832;2;0;0121;285;20141106160018;20141106160018
35530807;0;8539235836;2;0;0121;285;20141106160018;20141106160018
35530676;0;8539235819;2;0;0121;285;20141106160018;20141106160018
35530564;0;8539235811;2;0;0121;285;20141106160018;20141106160018
35530679;0;8539235820;2;0;0121;285;20141106160018;20141106160018
35530943;0;8539235846;2;0;0121;285;20141106160018;20141106160018
35530685;0;8539235821;2;0;0121;285;20141106160018;20141106160018
35530809;0;8539235837;2;0;0121;285;20141106160018;20141106160018
3260b7c00511e6fc2d24e52f0772be0d