20150108135006;1548
19012227;1;1122296013;;;;;;20150108120000
35577831;0;1122296013;0;0;0125;100;20150108120000;20150108120000
21098026;1;1122141959;;;;;;20150108120000
36539611;0;1122141959;0;0;0125;100;20150108120000;20150108120000
36544203;0;1122253808;0;0;0125;100;20150108120000;20150108120000
36542446;0;1138769257;0;0;0125;100;20150108120000;20150108120000
36539825;0;11971893797;0;0;0321;014;20150108120000;20150108120000
30685620;1;1122389492;;;;;;20150108120000
36043483;0;1122389492;0;0;0125;100;20150108120000;20150108120000
36050705;0;11981152222;0;0;0320;010;20150108120000;20150108120000
36529083;0;11974950609;0;0;0351;823;20150108120000;20150108120000
36542066;0;11962269170;0;0;0351;823;20150108120000;20150108120000
36417281;0;1136377002;0;0;0125;100;20150108120000;20150108120000
36541503;0;11947282488;0;0;0321;014;20150108120000;20150108120000
14327368;1;1124564830;;;;;;20150108120000
36406825;0;1124564830;0;0;0125;100;20150108120000;20150108120000
36545738;0;1124575984;0;0;0125;100;20150108120000;20150108120000
36050702;0;11981155500;0;0;0320;010;20150108120001;20150108120001
36542016;0;11976806869;0;0;0351;823;20150108120000;20150108120000
30576712;1;11976425292;;;;;;20150108120001
36533928;0;1145114377;0;0;0125;146;20150108120000;20150108120000
36541013;0;11964700544;0;0;0341;411;20150108120000;20150108120000
36543367;0;1145956180;0;0;0125;100;20150108120000;20150108120000
36541536;0;1145162380;0;0;0125;146;20150108120000;20150108120000
36050697;0;11952106772;0;0;0320;010;20150108120000;20150108120000
28726410;1;1124058723;;;;;;20150108120000
36449474;0;1124058723;0;0;0125;100;20150108120000;20150108120000
36543661;0;1123829299;0;0;0125;100;20150108120000;20150108120000
769241;1;1147226894;;;;;;20150108120000
36536666;0;1147226894;0;0;0125;146;20150108120000;20150108120000
36541263;0;11965855136;0;0;0301;955;20150108120000;20150108120000
35555650;1;11930172727;;;;;;20150108120000
36541329;0;11930172727;0;0;0301;955;20150108120000;20150108120000
36537887;0;1123844922;0;0;0125;100;20150108120000;20150108120000
36050696;0;11952100621;0;0;0320;010;20150108120000;20150108120000
29180641;1;1143624975;;;;;;20150108120000
36520052;0;1123240859;0;0;0125;146;20150108120000;20150108120000
36128453;0;1143624975;0;0;0125;146;20150108120000;20150108120000
36050698;0;11964420246;0;0;0320;010;20150108120000;20150108120000
36517843;0;1145958528;0;0;0125;100;20150108120000;20150108120000
36521134;0;1136555770;0;0;0125;100;20150108120000;20150108120000
36530670;0;11981217231;0;0;0321;014;20150108120001;20150108120001
36541305;0;11981213154;0;0;0321;014;20150108120001;20150108120001
36514639;0;11960664684;0;0;0351;823;20150108120000;20150108120000
1649581;1;1136562655;;;;;;20150108120000
36542875;0;1136562655;0;0;0125;100;20150108120000;20150108120000
36540210;0;1145962845;0;0;0125;100;20150108120000;20150108120000
36530749;0;1123816033;0;0;0125;146;20150108120000;20150108120000
36050725;0;11981168888;0;0;0320;010;20150108120001;20150108120001
36537701;0;11971054422;0;0;0321;014;20150108120000;20150108120000
23258859;1;11962334318;;;;;;20150108120000
36541148;0;11962334318;0;0;0301;955;20150108120000;20150108120000
28354872;1;1145266480;;;;;;20150108120000
36545573;0;1145266480;0;0;0125;100;20150108120000;20150108120000
6857467;1;1136085768;;;;;;20150108120000
36542832;0;1136085768;0;0;0125;100;20150108120000;20150108120000
36469462;1;1124844500;;;;;;20150108120000
36538013;0;1124844500;0;0;0125;100;20150108120000;20150108120000
24628299;1;11974621010;;;;;;20150108120000
36542584;0;11974621010;0;0;0321;014;20150108120000;20150108120000
36539605;0;11969668567;0;0;0321;014;20150108120000;20150108120000
36545656;0;11964511624;0;0;0321;014;20150108120000;20150108120000
36518975;0;1146062357;0;0;0125;100;20150108120000;20150108120000
36050717;0;11981232222;0;0;0320;010;20150108120001;20150108120001
36536791;0;1123819148;0;0;0125;146;20150108120000;20150108120000
36546631;0;1135931544;0;0;0125;146;20150108120000;20150108120000
28976509;1;1125535390;;;;;;20150108120000
36522146;0;1125535390;0;0;0125;146;20150108120000;20150108120000
33159877;1;1141291187;;;;;;20150108120000
36539063;0;1141291187;0;0;0125;146;20150108120000;20150108120000
36532540;0;1144518069;0;0;0125;146;20150108120000;20150108120000
27928238;1;11981781676;;;;;;20150108120001
36534946;0;11981781676;0;0;0321;014;20150108120001;20150108120001
36545969;0;1128974272;0;0;0125;146;20150108120000;20150108120000
36050704;0;11981938305;0;0;0320;010;20150108120001;20150108120001
36546437;0;11982389111;0;0;0321;014;20150108120001;20150108120001
36534890;0;11982234694;0;0;0321;014;20150108120001;20150108120001
36495377;0;1128960226;0;0;0125;146;20150108120000;20150108120000
32650217;1;11982353862;;;;;;20150108120001
36542658;0;11982353862;0;0;0321;014;20150108120001;20150108120001
36542447;0;1138769258;0;0;0125;100;20150108120000;20150108120000
36545006;0;11964713326;0;0;0321;014;20150108120000;20150108120000
36544825;0;11982690387;0;0;0321;014;20150108120001;20150108120001
36513222;0;11963174093;0;0;0351;823;20150108120000;20150108120000
36536045;0;1124382073;0;0;0125;100;20150108120000;20150108120000
36050695;0;11951997123;0;0;0320;010;20150108120000;20150108120000
36050693;0;11951981933;0;0;0320;010;20150108120000;20150108120000
31899152;1;11958813382;;;;;;20150108120000
36546219;0;11958813382;0;0;0321;014;20150108120000;20150108120000
36050711;0;11963467000;0;0;0320;010;20150108120000;20150108120000
36545384;0;11982429214;0;0;0321;014;20150108120001;20150108120001
22395580;1;1136839767;;;;;;20150108120000
36533421;0;1136839767;0;0;0125;100;20150108120000;20150108120000
36545060;0;11974095828;0;0;0321;014;20150108120000;20150108120000
36540929;0;11982818625;0;0;0321;014;20150108120001;20150108120001
36538660;0;11951950318;0;0;0321;014;20150108120000;20150108120000
13831078;1;11982713295;;;;;;20150108120001
36546769;0;11982713295;0;0;0321;014;20150108120001;20150108120001
36545526;0;11972500042;0;0;0321;014;20150108120000;20150108120000
36530460;0;1125765150;0;0;0125;100;20150108120000;20150108120000
36537238;0;1120883515;0;0;0125;100;20150108120000;20150108120000
17920663;1;1141784512;;;;;;20150108120000
36541282;0;1141784512;0;0;0125;146;20150108120000;20150108120000
36542252;0;11969061614;0;0;0321;014;20150108120000;20150108120000
36542448;0;1138766210;0;0;0125;100;20150108120000;20150108120000
36542444;0;1138765151;0;0;0125;100;20150108120000;20150108120000
36544041;0;1143781628;0;0;0125;100;20150108120000;20150108120000
36537248;0;1143613283;0;0;0125;146;20150108120000;20150108120000
36050692;0;11951980023;0;0;0320;010;20150108120000;20150108120000
36546322;0;11948672570;0;0;0321;014;20150108120000;20150108120000
36541180;0;1134733327;0;0;0125;100;20150108120000;20150108120000
36543461;0;11964628686;0;0;0321;014;20150108120000;20150108120000
36538081;0;1139384477;0;0;0125;100;20150108120000;20150108120000
36542457;0;11942513127;0;0;0321;014;20150108120000;20150108120000
24520204;1;1149643145;;;;;;20150108120003
36542784;0;1141239342;0;0;0125;146;20150108120000;20150108120000
36512948;0;11964455862;0;0;0351;823;20150108120000;20150108120000
36050714;0;11952043222;0;0;0320;010;20150108120000;20150108120000
36545203;0;11953441584;0;0;0321;014;20150108120000;20150108120000
36546553;0;11971280085;0;0;0321;014;20150108120000;20150108120000
17537099;1;1149746068;;;;;;20150108120000
36545466;0;1149746068;0;0;0125;146;20150108120000;20150108120000
36527520;0;1145090377;0;0;0125;146;20150108120000;20150108120000
36544022;0;11972702163;0;0;0341;411;20150108120000;20150108120000
36543972;0;1125323221;0;0;0125;100;20150108120000;20150108120000
36050691;0;11951972268;0;0;0320;010;20150108120000;20150108120000
36545457;0;1127581284;0;0;0125;146;20150108120000;20150108120000
36537505;0;1141279729;0;0;0125;146;20150108120000;20150108120000
36539436;0;1143787936;0;0;0125;100;20150108120000;20150108120000
25630027;1;1145230160;;;;;;20150108120000
36373230;0;1145230160;0;0;0125;100;20150108120000;20150108120000
22843014;1;1124022484;;;;;;20150108120000
36536253;0;1124022484;0;0;0125;100;20150108120000;20150108120000
36532521;0;1146063438;0;0;0125;100;20150108120000;20150108120000
36523913;0;1124088140;0;0;0125;100;20150108120000;20150108120000
36542068;0;11973301189;0;0;0351;823;20150108120000;20150108120000
11769068;1;1136083357;;;;;;20150108120000
36539234;0;1136083357;0;0;0125;100;20150108120000;20150108120000
34359138;1;1122794717;;;;;;20150108120000
36535258;0;1122794717;0;0;0125;100;20150108120000;20150108120000
21325038;1;1124032053;;;;;;20150108120000
36542647;0;1124032053;0;0;0125;100;20150108120000;20150108120000
36050686;0;11963650012;0;0;0320;010;20150108120000;20150108120000
36050703;0;11983160296;0;0;0320;010;20150108120001;20150108120001
36521971;0;1136059322;0;0;0125;100;20150108120000;20150108120000
36050719;0;11964410012;0;0;0320;010;20150108120000;20150108120000
36541017;0;11973539616;0;0;0321;014;20150108120000;20150108120000
36541224;0;11942531359;0;0;0321;014;20150108120000;20150108120000
7530510;1;1155233538;;;;;;20150108120000
36359660;0;1155233538;0;0;0125;100;20150108120000;20150108120000
36518347;0;1145958688;0;0;0125;100;20150108120000;20150108120000
36538216;0;1143321971;0;0;0125;146;20150108120000;20150108120000
36538394;0;1143094685;0;0;0125;146;20150108120000;20150108120000
36538886;0;1135823738;0;0;0125;100;20150108120000;20150108120000
36535243;0;1126696871;0;0;0125;146;20150108120000;20150108120000
36538402;0;11973781399;0;0;0321;014;20150108120000;20150108120000
36500499;0;11957984686;0;0;0351;823;20150108120000;20150108120000
36050708;0;11951978033;0;0;0320;010;20150108120000;20150108120000
13104453;1;1141221489;;;;;;20150108120000
36536439;0;1141221489;0;0;0125;146;20150108120000;20150108120000
36545990;0;1135929161;0;0;0125;100;20150108120000;20150108120000
20362792;1;1124016467;;;;;;20150108120000
36544985;0;1124016467;0;0;0125;100;20150108120000;20150108120000
36540278;0;1147485786;0;0;0125;146;20150108120000;20150108120000
36544918;0;11986841633;0;0;0321;014;20150108120002;20150108120002
16297526;1;1149755646;;;;;;20150108120000
36514256;0;1149755646;0;0;0125;146;20150108120000;20150108120000
12252830;1;1144261316;;;;;;20150108120000
36388122;0;1144261316;0;0;0125;146;20150108120000;20150108120000
36050715;0;11964400966;0;0;0320;010;20150108120000;20150108120000
36050694;0;11951987904;0;0;0320;010;20150108120000;20150108120000
36050712;0;11964400997;0;0;0320;010;20150108120000;20150108120000
36418613;0;1139699381;0;0;0125;146;20150108120000;20150108120000
36050716;0;11952105141;0;0;0320;010;20150108120000;20150108120000
36535584;0;11950571817;0;0;0321;014;20150108120000;20150108120000
16228180;1;11996735663;;;;;;20150108120002
36537148;0;11996735663;0;0;0321;014;20150108120002;20150108120002
36541537;0;1127098466;0;0;0125;100;20150108120000;20150108120000
36539826;0;11996894152;0;0;0321;014;20150108120002;20150108120002
36539651;0;11998546045;0;0;0321;014;20150108120002;20150108120002
36538197;0;11946007441;0;0;0341;411;20150108120000;20150108120000
36542727;0;11960210327;0;0;0341;411;20150108120000;20150108120000
36545973;0;1127593500;0;0;0125;146;20150108120000;20150108120000
28711605;1;1135422889;;;;;;20150108120000
36376964;0;1135422889;0;0;0125;100;20150108120000;20150108120000
36539827;0;11999158392;0;0;0321;014;20150108120002;20150108120002
36543097;0;11983226898;0;0;0321;014;20150108120001;20150108120001
36505739;0;11999129321;0;0;0351;823;20150108120002;20150108120002
36050699;0;11984469089;0;0;0320;010;20150108120001;20150108120001
36050718;0;11984468586;0;0;0320;010;20150108120001;20150108120001
36546410;0;11998819296;0;0;0321;014;20150108120002;20150108120002
36050701;0;11983926187;0;0;0320;010;20150108120001;20150108120001
33772791;1;11983264640;;;;;;20150108120005
36479021;0;11984105155;0;0;0321;014;20150108120001;20150108120001
25193131;1;11984563679;;;;;;20150108120001
36542673;0;11984563679;0;0;0321;014;20150108120001;20150108120001
36050709;0;11984469695;0;0;0320;010;20150108120001;20150108120001
36541240;0;11994801232;0;0;0301;955;20150108120002;20150108120002
36541818;0;11989668254;0;0;0351;823;20150108120002;20150108120002
36543272;0;11999191201;0;0;0321;014;20150108120002;20150108120002
36050724;0;11984469993;0;0;0320;010;20150108120001;20150108120001
35376623;1;11989751116;;;;;;20150108120005
36515981;0;11998899113;0;0;0351;823;20150108120002;20150108120002
36546571;0;11986013193;0;0;0321;014;20150108120001;20150108120001
36513174;0;11996224995;0;0;0351;823;20150108120002;20150108120002
36539828;0;11999565078;0;0;0321;014;20150108120002;20150108120002
36540812;0;12988250235;0;0;0321;017;20150108120002;20150108120002
36540232;0;11999759281;0;0;0321;014;20150108120002;20150108120002
36539152;0;11999707090;0;0;0321;014;20150108120002;20150108120002
36050688;0;11985850059;0;0;0320;010;20150108120001;20150108120001
36050700;0;11987540253;0;0;0320;010;20150108120002;20150108120002
36538751;0;1533426164;0;0;0125;100;20150108120002;20150108120002
36050706;0;12981222211;0;0;0320;010;20150108120002;20150108120002
36050726;0;11984469991;0;0;0320;010;20150108120001;20150108120001
36542955;0;11995168251;0;0;0341;411;20150108120002;20150108120002
29570745;1;1532210809;;;;;;20150108120002
36540466;0;1532210809;0;0;0125;100;20150108120002;20150108120002
36050707;0;11984469111;0;0;0320;010;20150108120001;20150108120001
31806031;1;11983731741;;;;;;20150108120001
36535148;0;11983731741;0;0;0321;014;20150108120001;20150108120001
36532776;0;11986537948;0;0;0321;014;20150108120001;20150108120001
36050710;0;11984870200;0;0;0320;010;20150108120001;20150108120001
6185366;1;11994519405;;;;;;20150108120005
25737461;1;11991030180;;;;;;20150108120005
36271063;0;1632146590;0;0;0125;100;20150108120002;20150108120002
36010267;0;1632148053;0;0;0125;100;20150108120002;20150108120002
36287605;0;1632143448;0;0;0125;100;20150108120002;20150108120002
36505094;0;1334649392;0;0;0125;100;20150108120002;20150108120002
36542156;0;1333857812;0;0;0125;100;20150108120002;20150108120002
36050728;0;12981213474;0;0;0320;010;20150108120002;20150108120002
36538157;0;1532435210;0;0;0125;100;20150108120002;20150108120002
36537131;0;14996935300;0;0;0321;017;20150108120002;20150108120002
36537829;0;11995008085;0;0;0321;014;20150108120002;20150108120002
33182957;1;11987186707;;;;;;20150108120002
36540613;0;11987186707;0;0;0321;014;20150108120002;20150108120002
36503696;0;1432243036;0;0;0125;100;20150108120002;20150108120002
35662304;1;13991621355;;;;;;20150108120005
36443698;0;1432276754;0;0;0125;100;20150108120002;20150108120002
36538397;0;11987426715;0;0;0321;014;20150108120002;20150108120002
36050685;0;11984884466;0;0;0320;010;20150108120001;20150108120001
429196;1;1432261285;;;;;;20150108120002
36542906;0;1432261285;0;0;0125;100;20150108120002;20150108120002
18027182;1;1532324168;;;;;;20150108120002
36545101;0;1532324168;0;0;0125;100;20150108120002;20150108120002
36050727;0;11987540181;0;0;0320;010;20150108120002;20150108120002
36050720;0;11987540203;0;0;0320;010;20150108120002;20150108120002
36050722;0;11984469293;0;0;0320;010;20150108120001;20150108120001
1103873;1;11989457918;;;;;;20150108120002
36542239;0;11989457918;0;0;0341;411;20150108120002;20150108120002
92070;1;1432324314;;;;;;20150108120002
36457794;0;1432324314;0;0;0125;100;20150108120002;20150108120002
36545837;0;1532172279;0;0;0125;100;20150108120002;20150108120002
36050689;0;11985780936;0;0;0320;010;20150108120001;20150108120001
36537773;0;11985983881;0;0;0321;014;20150108120001;20150108120001
36050687;0;11985850097;0;0;0320;010;20150108120001;20150108120001
36542356;0;11987235553;0;0;0321;014;20150108120002;20150108120002
36540354;0;1532213169;0;0;0125;100;20150108120002;20150108120002
36050713;0;11984469229;0;0;0320;010;20150108120001;20150108120001
36536129;0;1630112982;0;0;0125;100;20150108120002;20150108120002
36542225;0;15997352026;0;0;0321;017;20150108120002;20150108120002
36050690;0;11985780937;0;0;0320;010;20150108120001;20150108120001
36542665;0;1533466573;0;0;0125;100;20150108120002;20150108120002
36538754;0;1533426165;0;0;0125;100;20150108120002;20150108120002
36538800;0;1533462202;0;0;0125;100;20150108120002;20150108120002
36481156;0;1631148613;0;0;0125;100;20150108120002;20150108120002
36539468;0;1533465556;0;0;0125;100;20150108120002;20150108120002
36543944;0;1533429360;0;0;0125;100;20150108120002;20150108120002
36542157;0;1338777812;0;0;0125;100;20150108120002;20150108120002
36545684;0;1334623638;0;0;0125;100;20150108120002;20150108120002
36050721;0;11984884444;0;0;0320;010;20150108120001;20150108120001
36050723;0;11984469392;0;0;0320;010;20150108120001;20150108120001
36546083;0;1335614780;0;0;0125;100;20150108120002;20150108120002
36539556;0;13981131723;0;0;0321;017;20150108120002;20150108120002
36544036;0;13981539750;0;0;0321;017;20150108120002;20150108120002
36543838;0;1636332048;0;0;0125;100;20150108120003;20150108120003
36543615;0;12996406522;0;0;0341;411;20150108120002;20150108120002
3141962;1;1633373865;;;;;;20150108120002
36541563;0;1633373865;0;0;0125;100;20150108120002;20150108120002
36543970;0;1333011176;0;0;0125;100;20150108120002;20150108120002
36536903;0;1333225235;0;0;0125;100;20150108120002;20150108120002
36538920;0;1330160380;0;0;0125;100;20150108120002;20150108120002
36542758;0;12988687430;0;0;0321;017;20150108120002;20150108120002
35277806;1;13981001100;;;;;;20150108120002
36534151;0;13981001100;0;0;0321;017;20150108120002;20150108120002
36070289;0;1639631900;2;0;0112;143;20150108120003;20150108120003
36536781;0;13988228804;0;0;0321;017;20150108120002;20150108120002
36545493;0;1639693447;0;0;0125;100;20150108120003;20150108120003
36534567;0;1639765309;0;0;0125;100;20150108120003;20150108120003
36270096;0;1633978502;0;0;0125;100;20150108120003;20150108120003
36541337;0;1633975428;0;0;0125;100;20150108120003;20150108120003
12450750;1;1634217554;;;;;;20150108120003
36534800;0;1634217554;0;0;0125;100;20150108120003;20150108120003
36477877;0;1633244721;0;0;0125;100;20150108120002;20150108120002
36164107;0;1633118324;0;0;0125;100;20150108120002;20150108120002
36070297;0;1636332800;2;0;0112;143;20150108120003;20150108120003
36536399;0;1633377666;0;0;0125;100;20150108120002;20150108120002
8333435;1;1633392205;;;;;;20150108120003
36540608;0;1633392205;0;0;0125;100;20150108120003;20150108120003
36540107;0;1633118461;0;0;0125;100;20150108120002;20150108120002
34020133;1;1633391218;;;;;;20150108120002
36536725;0;1633391218;0;0;0125;100;20150108120002;20150108120002
36419858;0;1634035265;0;0;0112;025;20150108120003;20150108120003
36533251;0;1636296071;0;0;0125;100;20150108120003;20150108120003
36535358;0;16981881778;0;0;0321;017;20150108120003;20150108120003
36541336;0;1633975424;0;0;0125;100;20150108120003;20150108120003
36128958;0;1633222544;0;0;0125;100;20150108120002;20150108120002
36521194;0;1633373018;0;0;0125;100;20150108120002;20150108120002
36541153;0;1633376938;0;0;0125;100;20150108120002;20150108120002
26694649;1;1633377196;;;;;;20150108120002
36537814;0;1633377196;0;0;0125;100;20150108120002;20150108120002
36520257;0;1633377131;0;0;0125;100;20150108120002;20150108120002
36544477;0;1633379837;0;0;0125;100;20150108120002;20150108120002
36545357;0;16981975790;0;0;0321;017;20150108120003;20150108120003
36292227;0;1633391064;0;0;0125;100;20150108120002;20150108120002
36274703;0;1634612034;0;0;0125;100;20150108120003;20150108120003
36515668;0;1633376550;0;0;0125;100;20150108120002;20150108120002
36273211;0;1633571207;0;0;0125;100;20150108120003;20150108120003
14270073;1;1633326143;;;;;;20150108120002
36460550;0;1633326143;0;0;0125;100;20150108120002;20150108120002
36284449;0;1633971750;0;0;0125;100;20150108120003;20150108120003
36539413;0;1633577654;0;0;0125;100;20150108120003;20150108120003
36359538;0;1633378140;0;0;0125;100;20150108120002;20150108120002
25168116;1;19992753233;;;;;;20150108120007
17609463;1;1633224421;;;;;;20150108120002
36175923;0;1633224421;0;0;0125;100;20150108120002;20150108120002
33332404;1;1633972119;;;;;;20150108120003
36197161;0;1633972119;0;0;0125;100;20150108120003;20150108120003
36540672;0;2122335390;0;0;0125;101;20150108120003;20150108120003
36536607;0;19997151591;0;0;0341;411;20150108120003;20150108120003
36544548;0;16988422526;0;0;0341;411;20150108120003;20150108120003
36539555;0;1633244247;0;0;0125;100;20150108120002;20150108120002
36545237;0;19997971817;0;0;0341;411;20150108120003;20150108120003
36545595;0;17981192842;0;0;0321;017;20150108120003;20150108120003
27317169;1;1933675830;;;;;;20150108120003
36542960;0;1933675830;0;0;0125;100;20150108120003;20150108120003
36344766;1;16992519526;;;;;;20150108120007
36541454;0;19998100198;0;0;0321;017;20150108120003;20150108120003
36541594;0;19988036057;0;0;0321;017;20150108120003;20150108120003
36540610;0;2122081031;0;0;0125;101;20150108120003;20150108120003
36312825;0;19981842467;0;0;0320;010;20150108120003;20150108120003
13323027;1;19998257921;;;;;;20150108120003
36542263;0;19998257921;0;0;0321;017;20150108120003;20150108120003
16952580;1;1633322991;;;;;;20150108120002
36484335;0;1633322991;0;0;0125;100;20150108120002;20150108120002
36540673;0;2122636380;0;0;0125;101;20150108120003;20150108120003
36438774;0;1633372638;0;0;0125;100;20150108120002;20150108120002
25060977;1;2125756403;;;;;;20150108120003
36299522;0;2125756403;0;0;0125;101;20150108120003;20150108120003
36534678;0;19997738973;0;0;0321;017;20150108120003;20150108120003
13278997;1;19981983592;;;;;;20150108120003
36542262;0;19981983592;0;0;0321;017;20150108120003;20150108120003
35819446;0;1633324108;0;0;0125;100;20150108120002;20150108120002
36539434;0;1633242692;0;0;0125;100;20150108120002;20150108120002
36543695;0;1932328855;0;0;0125;100;20150108120003;20150108120003
14368464;1;1633367754;;;;;;20150108120002
36271262;0;1633367754;0;0;0125;100;20150108120002;20150108120002
36484913;0;1633314729;0;0;0125;100;20150108120002;20150108120002
22756781;1;1939363352;;;;;;20150108120003
36542462;0;1939363352;0;0;0125;100;20150108120003;20150108120003
36546329;0;16993959218;0;0;0341;411;20150108120003;20150108120003
36288584;0;1633372350;0;0;0125;100;20150108120002;20150108120002
36269876;0;1633245263;0;0;0125;100;20150108120002;20150108120002
14367138;1;1633326510;;;;;;20150108120002
36284591;0;1633326510;0;0;0125;100;20150108120002;20150108120002
36507069;0;1633324027;0;0;0125;100;20150108120002;20150108120002
36195137;0;1633245579;0;0;0125;100;20150108120002;20150108120002
758807;1;1633336281;;;;;;20150108120002
36535757;0;1633336281;0;0;0125;100;20150108120002;20150108120002
36533570;0;2134850404;2;0;0162;913;20150108120003;20150108120003
36533573;0;2134850407;2;0;0162;913;20150108120003;20150108120003
36543385;0;18996161980;0;0;0321;017;20150108120003;20150108120003
36533575;0;2134850409;2;0;0162;913;20150108120003;20150108120003
36502506;0;2127032137;0;0;0125;101;20150108120003;20150108120003
36533567;0;2134850401;2;0;0162;913;20150108120003;20150108120003
29793693;1;1933053070;;;;;;20150108120003
36539410;0;1933053070;0;0;0125;100;20150108120003;20150108120003
36533574;0;2134850408;2;0;0162;913;20150108120003;20150108120003
36546067;0;1933243995;0;0;0125;100;20150108120003;20150108120003
36568328;0;2126031935;0;0;0131;021;20150108120003;20150108120003
36537772;0;1933752221;0;0;0125;100;20150108120003;20150108120003
36539314;0;1933020731;0;0;0125;100;20150108120003;20150108120003
36566037;0;2133466203;0;0;0131;021;20150108120003;20150108120003
36542550;0;1933297162;0;0;0125;100;20150108120003;20150108120003
36545016;0;1934338578;0;0;0125;100;20150108120003;20150108120003
36537693;0;1934212982;0;0;0125;100;20150108120003;20150108120003
36533572;0;2134850406;2;0;0162;913;20150108120003;20150108120003
9438054;1;1938165049;;;;;;20150108120003
36530695;0;1938165049;0;0;0125;100;20150108120003;20150108120003
26711466;1;1934136703;;;;;;20150108120003
36541571;0;1934136703;0;0;0125;100;20150108120003;20150108120003
36535036;0;1933296899;0;0;0125;100;20150108120003;20150108120003
36534775;0;1932130836;0;0;0125;100;20150108120003;20150108120003
30142441;1;1934251591;;;;;;20150108120003
36541625;0;1934251591;0;0;0125;100;20150108120003;20150108120003
36533571;0;2134850405;2;0;0162;913;20150108120003;20150108120003
36538016;0;1933420405;0;0;0125;100;20150108120003;20150108120003
36533568;0;2134850402;2;0;0162;913;20150108120003;20150108120003
36542838;0;1934153246;0;0;0125;100;20150108120003;20150108120003
27799056;1;1934023093;;;;;;20150108120003
36530537;0;1934023093;0;0;0125;100;20150108120003;20150108120003
36545534;0;1932018598;0;0;0125;100;20150108120003;20150108120003
36536699;0;2126042506;0;0;0125;101;20150108120003;20150108120003
36542289;0;1934114234;0;0;0125;100;20150108120003;20150108120003
36533585;0;2134850419;2;0;0162;913;20150108120004;20150108120004
36533589;0;2134850423;2;0;0162;913;20150108120004;20150108120004
36533583;0;2134850417;2;0;0162;913;20150108120004;20150108120004
36533582;0;2134850416;2;0;0162;913;20150108120004;20150108120004
36533586;0;2134850420;2;0;0162;913;20150108120004;20150108120004
36312823;0;19981330229;0;0;0320;010;20150108120003;20150108120003
36312824;0;19981375566;0;0;0320;010;20150108120003;20150108120003
36567403;0;2125974655;0;0;0131;021;20150108120003;20150108120003
18632503;1;2127255533;;;;;;20150108120003
36545053;0;2127255533;0;0;0125;101;20150108120003;20150108120003
29119455;1;2127212035;;;;;;20150108120003
36479997;0;2127212035;0;0;0125;101;20150108120003;20150108120003
31483536;1;2127568059;;;;;;20150108120003
36543303;0;2127568059;0;0;0125;101;20150108120003;20150108120003
35416683;1;2126130128;;;;;;20150108120003
36567852;0;2126130128;0;0;0131;021;20150108120003;20150108120003
36533580;0;2134850414;2;0;0162;913;20150108120004;20150108120004
36533581;0;2134850415;2;0;0162;913;20150108120004;20150108120004
36533584;0;2134850418;2;0;0162;913;20150108120004;20150108120004
36545031;0;2133818743;0;0;0125;101;20150108120003;20150108120003
36533569;0;2134850403;2;0;0162;913;20150108120003;20150108120003
36533587;0;2134850421;2;0;0162;913;20150108120004;20150108120004
36546095;0;1932524659;0;0;0125;100;20150108120003;20150108120003
36533592;0;2134850426;2;0;0162;913;20150108120004;20150108120004
36536003;0;1934341761;0;0;0125;100;20150108120003;20150108120003
36533576;0;2134850410;2;0;0162;913;20150108120003;20150108120003
36568329;0;2127632404;0;0;0131;021;20150108120003;20150108120003
36533577;0;2134850411;2;0;0162;913;20150108120003;20150108120003
36533578;0;2134850412;2;0;0162;913;20150108120004;20150108120004
36533579;0;2134850413;2;0;0162;913;20150108120004;20150108120004
36533566;0;2134850400;2;0;0162;913;20150108120003;20150108120003
36533608;0;2134850442;2;0;0162;913;20150108120004;20150108120004
36533588;0;2134850422;2;0;0162;913;20150108120004;20150108120004
36533604;0;2134850438;2;0;0162;913;20150108120004;20150108120004
36547016;0;2130671367;0;0;0125;101;20150108120003;20150108120003
36567299;0;2131038449;0;0;0131;021;20150108120003;20150108120003
36533591;0;2134850425;2;0;0162;913;20150108120004;20150108120004
36545179;0;2134490903;0;0;0125;101;20150108120003;20150108120003
19496359;1;21981197929;;;;;;20150108120009
36533612;0;2134850446;2;0;0162;913;20150108120004;20150108120004
36530713;0;2127048114;0;0;0125;101;20150108120003;20150108120003
36568327;0;2126246635;0;0;0131;021;20150108120003;20150108120003
36533590;0;2134850424;2;0;0162;913;20150108120004;20150108120004
36533596;0;2134850430;2;0;0162;913;20150108120004;20150108120004
36533598;0;2134850432;2;0;0162;913;20150108120004;20150108120004
36533593;0;2134850427;2;0;0162;913;20150108120004;20150108120004
36533603;0;2134850437;2;0;0162;913;20150108120004;20150108120004
36533597;0;2134850431;2;0;0162;913;20150108120004;20150108120004
36533605;0;2134850439;2;0;0162;913;20150108120004;20150108120004
36533595;0;2134850429;2;0;0162;913;20150108120004;20150108120004
36533594;0;2134850428;2;0;0162;913;20150108120004;20150108120004
36533600;0;2134850434;2;0;0162;913;20150108120004;20150108120004
36533599;0;2134850433;2;0;0162;913;20150108120004;20150108120004
36533601;0;2134850435;2;0;0162;913;20150108120004;20150108120004
35503558;1;21983068999;;;;;;20150108120009
36539664;0;21984883466;0;0;0321;018;20150108120004;20150108120004
36533611;0;2134850445;2;0;0162;913;20150108120004;20150108120004
36533602;0;2134850436;2;0;0162;913;20150108120004;20150108120004
36533607;0;2134850441;2;0;0162;913;20150108120004;20150108120004
36535850;0;21986940488;0;0;0341;421;20150108120004;20150108120004
36544307;0;21984763856;0;0;0321;018;20150108120004;20150108120004
5322940;1;21985615052;;;;;;20150108120004
36535415;0;21985615052;0;0;0321;018;20150108120004;20150108120004
36514262;0;21994714187;0;0;0351;824;20150108120005;20150108120005
36544306;0;21984762508;0;0;0321;018;20150108120004;20150108120004
36360542;1;21986631009;;;;;;20150108120004
36542063;0;21986631009;0;0;0351;824;20150108120004;20150108120004
35451962;1;21982616967;;;;;;20150108120009
36544309;0;21988626771;0;0;0321;018;20150108120004;20150108120004
36533609;0;2134850443;2;0;0162;913;20150108120004;20150108120004
36533606;0;2134850440;2;0;0162;913;20150108120004;20150108120004
36533615;0;2134850449;2;0;0162;913;20150108120004;20150108120004
36533610;0;2134850444;2;0;0162;913;20150108120004;20150108120004
36535854;0;21989015695;0;0;0341;421;20150108120004;20150108120004
36544308;0;21986000911;0;0;0321;018;20150108120004;20150108120004
36535852;0;21989015693;0;0;0341;421;20150108120004;20150108120004
36540117;0;21988341503;0;0;0321;018;20150108120004;20150108120004
36533614;0;2134850448;2;0;0162;913;20150108120004;20150108120004
36500192;0;2139363719;0;0;0125;101;20150108120004;20150108120004
36544195;0;21989188088;0;0;0321;018;20150108120005;20150108120005
36219742;1;21996032622;;;;;;20150108120005
36534125;0;21996032622;0;0;0321;018;20150108120005;20150108120005
36520487;0;21991015239;0;0;0341;421;20150108120005;20150108120005
27130403;1;21980382008;;;;;;20150108120004
36544572;0;21980382008;0;0;0321;018;20150108120004;20150108120004
36568326;0;2136597915;0;0;0131;021;20150108120004;20150108120004
36533613;0;2134850447;2;0;0162;913;20150108120004;20150108120004
36535875;0;21989015730;0;0;0341;421;20150108120005;20150108120005
35793949;1;21983395055;;;;;;20150108120004
36529991;0;21983395055;0;0;0351;824;20150108120004;20150108120004
36535858;0;21989015699;0;0;0341;421;20150108120004;20150108120004
27302915;1;2733018942;;;;;;20150108120005
36542297;0;2733018942;2;0;0121;227;20150108120005;20150108120005
27302880;1;2733018907;;;;;;20150108120005
36542171;0;2733018907;2;0;0121;227;20150108120005;20150108120005
36535876;0;21989015731;0;0;0341;421;20150108120005;20150108120005
36535865;0;21989015707;0;0;0341;421;20150108120004;20150108120004
27302896;1;2733018923;;;;;;20150108120005
36542229;0;2733018923;2;0;0121;227;20150108120005;20150108120005
36535856;0;21989015697;0;0;0341;421;20150108120004;20150108120004
27302914;1;2733018941;;;;;;20150108120005
36542292;0;2733018941;2;0;0121;227;20150108120005;20150108120005
36535857;0;21989015698;0;0;0341;421;20150108120004;20150108120004
36535872;0;21989015727;0;0;0341;421;20150108120004;20150108120004
29733988;1;21993392736;;;;;;20150108120005
36541811;0;21993392736;0;0;0351;824;20150108120005;20150108120005
36533200;0;21987068789;0;0;0321;018;20150108120004;20150108120004
36543872;0;2136841018;0;0;0125;101;20150108120004;20150108120004
36535851;0;21986940491;0;0;0341;421;20150108120004;20150108120004
27302883;1;2733018910;;;;;;20150108120005
36542179;0;2733018910;2;0;0121;227;20150108120005;20150108120005
36535822;0;21984930534;0;0;0341;421;20150108120004;20150108120004
36535604;0;21983882743;0;0;0321;018;20150108120004;20150108120004
36535849;0;21984930536;0;0;0341;421;20150108120004;20150108120004
36535853;0;21989015694;0;0;0341;421;20150108120004;20150108120004
36538919;0;2138823941;0;0;0125;101;20150108120004;20150108120004
36546003;0;21998436991;0;0;0321;018;20150108120005;20150108120005
36545134;0;21981070763;0;0;0321;018;20150108120004;20150108120004
27302900;1;2733018927;;;;;;20150108120005
36542243;0;2733018927;2;0;0121;227;20150108120005;20150108120005
27302889;1;2733018916;;;;;;20150108120005
36542204;0;2733018916;2;0;0121;227;20150108120005;20150108120005
36538266;0;21985077386;0;0;0321;018;20150108120004;20150108120004
36535848;0;21984930535;0;0;0341;421;20150108120004;20150108120004
36535855;0;21989015696;0;0;0341;421;20150108120004;20150108120004
36536434;0;2732152743;0;0;0125;488;20150108120005;20150108120005
36544196;0;21998028088;0;0;0321;018;20150108120005;20150108120005
27302878;1;2733018905;;;;;;20150108120005
36542164;0;2733018905;2;0;0121;227;20150108120005;20150108120005
36547027;0;2227251718;0;0;0125;101;20150108120005;20150108120005
16099773;1;21999986439;;;;;;20150108120005
36539634;0;21999986439;0;0;0321;018;20150108120005;20150108120005
36535692;0;2227332476;0;0;0125;101;20150108120005;20150108120005
27302874;1;2733018901;;;;;;20150108120005
36541724;0;2733018901;2;0;0121;227;20150108120005;20150108120005
27302873;1;2733018900;;;;;;20150108120005
36541662;0;2733018900;2;0;0121;227;20150108120005;20150108120005
36535860;0;21989015701;0;0;0341;421;20150108120004;20150108120004
27407779;1;2732263698;;;;;;20150108120005
36568067;0;2732263698;0;0;0131;027;20150108120005;20150108120005
27302913;1;2733018940;;;;;;20150108120005
36542286;0;2733018940;2;0;0121;227;20150108120005;20150108120005
36535859;0;21989015700;0;0;0341;421;20150108120004;20150108120004
36233327;1;21996269328;;;;;;20150108120005
36544941;0;21996269328;0;0;0321;018;20150108120005;20150108120005
36535874;0;21989015729;0;0;0341;421;20150108120005;20150108120005
27302916;1;2733018943;;;;;;20150108120005
36542301;0;2733018943;2;0;0121;227;20150108120005;20150108120005
27302918;1;2733018945;;;;;;20150108120005
36542307;0;2733018945;2;0;0121;227;20150108120005;20150108120005
27302884;1;2733018911;;;;;;20150108120005
36542181;0;2733018911;2;0;0121;227;20150108120005;20150108120005
35916106;1;2732525486;;;;;;20150108120005
36543964;0;2732525486;0;0;0125;488;20150108120005;20150108120005
36543330;0;22999250512;0;0;0321;018;20150108120005;20150108120005
27302882;1;2733018909;;;;;;20150108120005
36542177;0;2733018909;2;0;0121;227;20150108120005;20150108120005
27302881;1;2733018908;;;;;;20150108120005
36542172;0;2733018908;2;0;0121;227;20150108120005;20150108120005
27302879;1;2733018906;;;;;;20150108120005
36542167;0;2733018906;2;0;0121;227;20150108120005;20150108120005
36541560;0;21999369066;0;0;0341;421;20150108120005;20150108120005
27302910;1;2733018937;;;;;;20150108120005
36542277;0;2733018937;2;0;0121;227;20150108120005;20150108120005
27302941;1;2733018968;;;;;;20150108120005
36542445;0;2733018968;2;0;0121;227;20150108120005;20150108120005
27302917;1;2733018944;;;;;;20150108120005
36542304;0;2733018944;2;0;0121;227;20150108120005;20150108120005
27302885;1;2733018912;;;;;;20150108120005
36542182;0;2733018912;2;0;0121;227;20150108120005;20150108120005
27302919;1;2733018946;;;;;;20150108120005
36542315;0;2733018946;2;0;0121;227;20150108120005;20150108120005
27302887;1;2733018914;;;;;;20150108120005
36542189;0;2733018914;2;0;0121;227;20150108120005;20150108120005
27302923;1;2733018950;;;;;;20150108120005
36542330;0;2733018950;2;0;0121;227;20150108120005;20150108120005
36535863;0;21989015704;0;0;0341;421;20150108120004;20150108120004
27302886;1;2733018913;;;;;;20150108120005
36542187;0;2733018913;2;0;0121;227;20150108120005;20150108120005
27302888;1;2733018915;;;;;;20150108120005
36542191;0;2733018915;2;0;0121;227;20150108120005;20150108120005
27302924;1;2733018951;;;;;;20150108120005
36542335;0;2733018951;2;0;0121;227;20150108120005;20150108120005
27302921;1;2733018948;;;;;;20150108120005
36542321;0;2733018948;2;0;0121;227;20150108120005;20150108120005
27302920;1;2733018947;;;;;;20150108120005
36542319;0;2733018947;2;0;0121;227;20150108120005;20150108120005
27302922;1;2733018949;;;;;;20150108120005
36542327;0;2733018949;2;0;0121;227;20150108120005;20150108120005
36536557;0;27998031641;0;0;0321;019;20150108120006;20150108120006
36535867;0;21989015709;0;0;0341;421;20150108120004;20150108120004
36535864;0;21989015705;0;0;0341;421;20150108120004;20150108120004
36535862;0;21989015703;0;0;0341;421;20150108120004;20150108120004
27302953;1;2733018980;;;;;;20150108120005
36542490;0;2733018980;2;0;0121;227;20150108120005;20150108120005
27302952;1;2733018979;;;;;;20150108120005
36542487;0;2733018979;2;0;0121;227;20150108120005;20150108120005
27302891;1;2733018918;;;;;;20150108120005
36542209;0;2733018918;2;0;0121;227;20150108120005;20150108120005
36567003;0;2732823476;0;0;0131;027;20150108120005;20150108120005
27302937;1;2733018964;;;;;;20150108120005
36542392;0;2733018964;2;0;0121;227;20150108120005;20150108120005
36535866;0;21989015708;0;0;0341;421;20150108120004;20150108120004
27302893;1;2733018920;;;;;;20150108120005
36542215;0;2733018920;2;0;0121;227;20150108120005;20150108120005
27302936;1;2733018963;;;;;;20150108120005
36542384;0;2733018963;2;0;0121;227;20150108120005;20150108120005
27302925;1;2733018952;;;;;;20150108120005
36542338;0;2733018952;2;0;0121;227;20150108120005;20150108120005
27302907;1;2733018934;;;;;;20150108120005
36542260;0;2733018934;2;0;0121;227;20150108120005;20150108120005
27302938;1;2733018965;;;;;;20150108120005
36542434;0;2733018965;2;0;0121;227;20150108120005;20150108120005
27302926;1;2733018953;;;;;;20150108120005
36542340;0;2733018953;2;0;0121;227;20150108120005;20150108120005
27302929;1;2733018956;;;;;;20150108120005
36542348;0;2733018956;2;0;0121;227;20150108120005;20150108120005
27302943;1;2733018970;;;;;;20150108120005
36542453;0;2733018970;2;0;0121;227;20150108120005;20150108120005
27302927;1;2733018954;;;;;;20150108120005
36542343;0;2733018954;2;0;0121;227;20150108120005;20150108120005
27302875;1;2733018902;;;;;;20150108120005
36541989;0;2733018902;2;0;0121;227;20150108120005;20150108120005
27302890;1;2733018917;;;;;;20150108120005
36542207;0;2733018917;2;0;0121;227;20150108120005;20150108120005
27302931;1;2733018958;;;;;;20150108120005
36542357;0;2733018958;2;0;0121;227;20150108120005;20150108120005
36535861;0;21989015702;0;0;0341;421;20150108120004;20150108120004
27302940;1;2733018967;;;;;;20150108120005
36542440;0;2733018967;2;0;0121;227;20150108120005;20150108120005
27302939;1;2733018966;;;;;;20150108120005
36542435;0;2733018966;2;0;0121;227;20150108120005;20150108120005
27302876;1;2733018903;;;;;;20150108120005
36542154;0;2733018903;2;0;0121;227;20150108120005;20150108120005
27302957;1;2733018984;;;;;;20150108120006
36542501;0;2733018984;2;0;0121;227;20150108120006;20150108120006
27302902;1;2733018929;;;;;;20150108120005
36542247;0;2733018929;2;0;0121;227;20150108120005;20150108120005
29772131;1;2733240656;;;;;;20150108120006
36538290;0;2733240656;0;0;0125;488;20150108120006;20150108120006
27302912;1;2733018939;;;;;;20150108120005
36542283;0;2733018939;2;0;0121;227;20150108120005;20150108120005
27302877;1;2733018904;;;;;;20150108120005
36542160;0;2733018904;2;0;0121;227;20150108120005;20150108120005
27302949;1;2733018976;;;;;;20150108120005
36542475;0;2733018976;2;0;0121;227;20150108120005;20150108120005
27302909;1;2733018936;;;;;;20150108120005
36542272;0;2733018936;2;0;0121;227;20150108120005;20150108120005
27302954;1;2733018981;;;;;;20150108120006
36542493;0;2733018981;2;0;0121;227;20150108120006;20150108120006
27302950;1;2733018977;;;;;;20150108120005
36542478;0;2733018977;2;0;0121;227;20150108120005;20150108120005
27302951;1;2733018978;;;;;;20150108120005
36542480;0;2733018978;2;0;0121;227;20150108120005;20150108120005
27302932;1;2733018959;;;;;;20150108120005
36542359;0;2733018959;2;0;0121;227;20150108120005;20150108120005
27302945;1;2733018972;;;;;;20150108120005
36542461;0;2733018972;2;0;0121;227;20150108120005;20150108120005
36535868;0;21989015710;0;0;0341;421;20150108120004;20150108120004
27302899;1;2733018926;;;;;;20150108120005
36542238;0;2733018926;2;0;0121;227;20150108120005;20150108120005
36535869;0;21989015724;0;0;0341;421;20150108120004;20150108120004
27302897;1;2733018924;;;;;;20150108120005
36542234;0;2733018924;2;0;0121;227;20150108120005;20150108120005
36535873;0;21989015728;0;0;0341;421;20150108120005;20150108120005
27302894;1;2733018921;;;;;;20150108120005
36542223;0;2733018921;2;0;0121;227;20150108120005;20150108120005
36535871;0;21989015726;0;0;0341;421;20150108120004;20150108120004
27302901;1;2733018928;;;;;;20150108120005
36542245;0;2733018928;2;0;0121;227;20150108120005;20150108120005
27302895;1;2733018922;;;;;;20150108120005
36542226;0;2733018922;2;0;0121;227;20150108120005;20150108120005
27302892;1;2733018919;;;;;;20150108120005
36542211;0;2733018919;2;0;0121;227;20150108120005;20150108120005
27302904;1;2733018931;;;;;;20150108120005
36542251;0;2733018931;2;0;0121;227;20150108120005;20150108120005
36535870;0;21989015725;0;0;0341;421;20150108120004;20150108120004
27302903;1;2733018930;;;;;;20150108120005
36542250;0;2733018930;2;0;0121;227;20150108120005;20150108120005
27302905;1;2733018932;;;;;;20150108120005
36542254;0;2733018932;2;0;0121;227;20150108120005;20150108120005
27302898;1;2733018925;;;;;;20150108120005
36542237;0;2733018925;2;0;0121;227;20150108120005;20150108120005
27302934;1;2733018961;;;;;;20150108120005
36542367;0;2733018961;2;0;0121;227;20150108120005;20150108120005
27302906;1;2733018933;;;;;;20150108120005
36542258;0;2733018933;2;0;0121;227;20150108120005;20150108120005
27302911;1;2733018938;;;;;;20150108120005
36542279;0;2733018938;2;0;0121;227;20150108120005;20150108120005
27302908;1;2733018935;;;;;;20150108120005
36542269;0;2733018935;2;0;0121;227;20150108120005;20150108120005
27302930;1;2733018957;;;;;;20150108120005
36542355;0;2733018957;2;0;0121;227;20150108120005;20150108120005
27302933;1;2733018960;;;;;;20150108120005
36542363;0;2733018960;2;0;0121;227;20150108120005;20150108120005
36539181;0;27998360595;0;0;0321;019;20150108120006;20150108120006
27302928;1;2733018955;;;;;;20150108120005
36542345;0;2733018955;2;0;0121;227;20150108120005;20150108120005
27302935;1;2733018962;;;;;;20150108120005
36542381;0;2733018962;2;0;0121;227;20150108120005;20150108120005
27302942;1;2733018969;;;;;;20150108120005
36542451;0;2733018969;2;0;0121;227;20150108120005;20150108120005
27302972;1;2733018999;;;;;;20150108120006
36542566;0;2733018999;2;0;0121;227;20150108120006;20150108120006
27302947;1;2733018974;;;;;;20150108120005
36542466;0;2733018974;2;0;0121;227;20150108120005;20150108120005
27302944;1;2733018971;;;;;;20150108120005
36542456;0;2733018971;2;0;0121;227;20150108120005;20150108120005
27302946;1;2733018973;;;;;;20150108120005
36542465;0;2733018973;2;0;0121;227;20150108120005;20150108120005
27302948;1;2733018975;;;;;;20150108120005
36542473;0;2733018975;2;0;0121;227;20150108120005;20150108120005
27302962;1;2733018989;;;;;;20150108120006
36542525;0;2733018989;2;0;0121;227;20150108120006;20150108120006
27302964;1;2733018991;;;;;;20150108120006
36542537;0;2733018991;2;0;0121;227;20150108120006;20150108120006
36537709;0;2733180638;0;0;0125;488;20150108120006;20150108120006
27302971;1;2733018998;;;;;;20150108120006
36542561;0;2733018998;2;0;0121;227;20150108120006;20150108120006
27302970;1;2733018997;;;;;;20150108120006
36542554;0;2733018997;2;0;0121;227;20150108120006;20150108120006
27302961;1;2733018988;;;;;;20150108120006
36542519;0;2733018988;2;0;0121;227;20150108120006;20150108120006
27302956;1;2733018983;;;;;;20150108120006
36542499;0;2733018983;2;0;0121;227;20150108120006;20150108120006
27302955;1;2733018982;;;;;;20150108120006
36542497;0;2733018982;2;0;0121;227;20150108120006;20150108120006
27302960;1;2733018987;;;;;;20150108120006
36542512;0;2733018987;2;0;0121;227;20150108120006;20150108120006
36540187;0;3130811003;0;0;0125;102;20150108120006;20150108120006
36536056;0;2733374620;0;0;0125;488;20150108120006;20150108120006
27302969;1;2733018996;;;;;;20150108120006
36542551;0;2733018996;2;0;0121;227;20150108120006;20150108120006
27302963;1;2733018990;;;;;;20150108120006
36542530;0;2733018990;2;0;0121;227;20150108120006;20150108120006
27302968;1;2733018995;;;;;;20150108120006
36542549;0;2733018995;2;0;0121;227;20150108120006;20150108120006
36538900;0;2733236264;0;0;0125;488;20150108120006;20150108120006
27302958;1;2733018985;;;;;;20150108120006
36542503;0;2733018985;2;0;0121;227;20150108120006;20150108120006
36534412;0;2737219813;0;0;0125;488;20150108120006;20150108120006
30992352;1;3125576681;;;;;;20150108120013
27302965;1;2733018992;;;;;;20150108120006
36542541;0;2733018992;2;0;0121;227;20150108120006;20150108120006
27302959;1;2733018986;;;;;;20150108120006
36542508;0;2733018986;2;0;0121;227;20150108120006;20150108120006
27302966;1;2733018993;;;;;;20150108120006
36542542;0;2733018993;2;0;0121;227;20150108120006;20150108120006
27302967;1;2733018994;;;;;;20150108120006
36542545;0;2733018994;2;0;0121;227;20150108120006;20150108120006
36536368;0;27997859222;0;0;0321;019;20150108120006;20150108120006
17755644;1;3132616237;;;;;;20150108120006
36540338;0;3132616237;0;0;0123;205;20150108120006;20150108120006
36261539;0;3132850213;0;0;0125;102;20150108120006;20150108120006
36534893;0;3133122973;0;0;0125;102;20150108120006;20150108120006
36480591;0;3183126814;0;0;0341;076;20150108120006;20150108120006
36481259;0;3183227347;0;0;0341;076;20150108120006;20150108120006
36544893;0;3133514603;0;0;0125;102;20150108120006;20150108120006
36480504;0;3184549802;0;0;0341;076;20150108120006;20150108120006
36544310;0;3134719212;0;0;0125;102;20150108120006;20150108120006
36481187;0;3182297471;0;0;0341;076;20150108120006;20150108120006
36481257;0;3182297819;0;0;0341;076;20150108120006;20150108120006
36480590;0;3183048474;0;0;0341;076;20150108120006;20150108120006
36544034;0;3138249811;0;0;0125;102;20150108120006;20150108120006
36481258;0;3183061022;0;0;0341;076;20150108120006;20150108120006
36480596;0;3183240767;0;0;0341;076;20150108120006;20150108120006
36481063;0;3182297709;0;0;0341;076;20150108120006;20150108120006
36480768;0;3183128249;0;0;0341;076;20150108120006;20150108120006
36481256;0;3182297510;0;0;0341;076;20150108120006;20150108120006
36480552;0;3183013275;0;0;0341;076;20150108120006;20150108120006
36480593;0;3183149423;0;0;0341;076;20150108120006;20150108120006
36480600;0;3184536991;0;0;0341;076;20150108120006;20150108120006
30464136;1;3134750093;;;;;;20150108120006
36539097;0;3134750093;0;0;0125;102;20150108120006;20150108120006
10087943;1;3134460928;;;;;;20150108120006
36533366;0;3134460928;0;0;0125;102;20150108120006;20150108120006
36480592;0;3183139101;0;0;0341;076;20150108120006;20150108120006
36480594;0;3183167913;0;0;0341;076;20150108120006;20150108120006
36536103;0;3133879229;0;0;0125;102;20150108120006;20150108120006
36540131;0;3134769055;0;0;0125;102;20150108120006;20150108120006
36480719;0;3183272868;0;0;0341;076;20150108120006;20150108120006
36481254;0;3182297486;0;0;0341;076;20150108120006;20150108120006
36480722;0;3184530776;0;0;0341;076;20150108120006;20150108120006
36480601;0;3184546610;0;0;0341;076;20150108120006;20150108120006
36480459;0;3184549588;0;0;0341;076;20150108120006;20150108120006
36481255;0;3182297494;0;0;0341;076;20150108120006;20150108120006
36480597;0;3183250004;0;0;0341;076;20150108120006;20150108120006
36481333;0;3182297797;0;0;0341;076;20150108120006;20150108120006
36481260;0;3184304763;0;0;0341;076;20150108120006;20150108120006
36480721;0;3184249946;0;0;0341;076;20150108120006;20150108120006
36480685;0;3182297331;0;0;0341;076;20150108120006;20150108120006
36480595;0;3183188117;0;0;0341;076;20150108120006;20150108120006
36481334;0;3183191311;0;0;0341;076;20150108120006;20150108120006
36545064;0;3135110180;0;0;0125;102;20150108120006;20150108120006
36480602;0;3184549545;0;0;0341;076;20150108120006;20150108120006
36481116;0;3184142141;0;0;0341;076;20150108120006;20150108120006
36480720;0;3184115743;0;0;0341;076;20150108120006;20150108120006
16150459;1;3136428319;;;;;;20150108120006
36567473;0;3136428319;0;0;0131;031;20150108120006;20150108120006
36537242;0;3138242970;0;0;0125;102;20150108120006;20150108120006
36539290;0;3138248253;0;0;0125;102;20150108120006;20150108120006
36480800;0;3184263145;0;0;0341;076;20150108120006;20150108120006
36481329;0;3182297300;0;0;0341;076;20150108120006;20150108120006
36480503;0;3184549752;0;0;0341;076;20150108120006;20150108120006
36481288;0;3182297210;0;0;0341;076;20150108120006;20150108120006
36533488;0;3138214419;0;0;0125;102;20150108120006;20150108120006
36545624;0;3138265310;0;0;0125;102;20150108120006;20150108120006
36534147;0;3135648813;0;0;0125;102;20150108120006;20150108120006
36542661;0;3135116477;0;0;0125;102;20150108120006;20150108120006
36535791;0;3135956997;0;0;0125;102;20150108120006;20150108120006
36480177;0;3184573077;0;0;0341;076;20150108120007;20150108120007
36536365;0;3136436193;0;0;0125;102;20150108120006;20150108120006
36567474;0;3136728718;0;0;0131;031;20150108120006;20150108120006
36480508;0;3184550942;0;0;0341;076;20150108120006;20150108120006
36480507;0;3184550597;0;0;0341;076;20150108120006;20150108120006
36481117;0;3184685270;0;0;0341;076;20150108120007;20150108120007
36480511;0;3184551229;0;0;0341;076;20150108120006;20150108120006
36535313;0;3185517201;0;0;0341;076;20150108120007;20150108120007
36480506;0;3184550383;0;0;0341;076;20150108120006;20150108120006
36480505;0;3184550274;0;0;0341;076;20150108120006;20150108120006
36480509;0;3184551108;0;0;0341;076;20150108120006;20150108120006
36480510;0;3184551147;0;0;0341;076;20150108120006;20150108120006
36535230;0;3188930522;0;0;0341;076;20150108120007;20150108120007
36535231;0;3188933038;0;0;0341;076;20150108120007;20150108120007
36480175;0;3184559331;0;0;0341;076;20150108120007;20150108120007
36537438;0;3232183788;0;0;0125;102;20150108120007;20150108120007
36480411;0;3184554260;0;0;0341;076;20150108120007;20150108120007
36535229;0;3188915878;0;0;0341;076;20150108120007;20150108120007
36480416;0;3184555377;0;0;0341;076;20150108120007;20150108120007
36480169;0;3184557955;0;0;0341;076;20150108120007;20150108120007
36480415;0;3184555181;0;0;0341;076;20150108120007;20150108120007
36480417;0;3184556577;0;0;0341;076;20150108120007;20150108120007
36480420;0;3184557445;0;0;0341;076;20150108120007;20150108120007
36481261;0;3184555582;0;0;0341;076;20150108120007;20150108120007
36480343;0;3184551569;0;0;0341;076;20150108120006;20150108120006
36535194;0;3186758889;0;0;0341;076;20150108120007;20150108120007
36480723;0;3184697728;0;0;0341;076;20150108120007;20150108120007
36480419;0;3184556852;0;0;0341;076;20150108120007;20150108120007
36481125;0;3184879958;0;0;0341;076;20150108120007;20150108120007
36546733;0;3187363671;0;0;0341;076;20150108120007;20150108120007
36480418;0;3184556789;0;0;0341;076;20150108120007;20150108120007
36480728;0;3184981766;0;0;0341;076;20150108120007;20150108120007
36480810;0;3184892362;0;0;0341;076;20150108120007;20150108120007
36480170;0;3184558337;0;0;0341;076;20150108120007;20150108120007
36331469;0;3432937486;2;0;0121;235;20150108120007;20150108120007
36542916;0;3488073641;0;0;0321;430;20150108120007;20150108120007
36480406;0;3184552439;0;0;0341;076;20150108120007;20150108120007
36480412;0;3184554362;0;0;0341;076;20150108120007;20150108120007
36480414;0;3184554881;0;0;0341;076;20150108120007;20150108120007
538916;1;3187591112;;;;;;20150108120007
36545395;0;3187591112;0;0;0341;076;20150108120007;20150108120007
36480407;0;3184552647;0;0;0341;076;20150108120007;20150108120007
36480413;0;3184554523;0;0;0341;076;20150108120007;20150108120007
36480408;0;3184553394;0;0;0341;076;20150108120007;20150108120007
36533222;0;3195047506;0;0;0321;430;20150108120007;20150108120007
36480410;0;3184554129;0;0;0341;076;20150108120007;20150108120007
36480409;0;3184553794;0;0;0341;076;20150108120007;20150108120007
36480171;0;3184558471;0;0;0341;076;20150108120007;20150108120007
36480125;0;3184557643;0;0;0341;076;20150108120007;20150108120007
36481122;0;3184724967;0;0;0341;076;20150108120007;20150108120007
36535372;0;4432646562;0;0;0125;141;20150108120008;20150108120008
36480727;0;3184839720;0;0;0341;076;20150108120007;20150108120007
24573982;1;4333274932;;;;;;20150108120008
36543943;0;4333274932;0;0;0125;142;20150108120008;20150108120008
36539296;0;3492405241;0;0;0321;430;20150108120007;20150108120007
36481262;0;3184622459;0;0;0341;076;20150108120007;20150108120007
36532554;0;3232216675;0;0;0125;102;20150108120007;20150108120007
36480173;0;3184558936;0;0;0341;076;20150108120007;20150108120007
26579867;1;4333470603;;;;;;20150108120015
36481118;0;3184685957;0;0;0341;076;20150108120007;20150108120007
36480802;0;3184714059;0;0;0341;076;20150108120007;20150108120007
36480804;0;3184714129;0;0;0341;076;20150108120007;20150108120007
36480182;0;3184714151;0;0;0341;076;20150108120007;20150108120007
36480178;0;3184626111;0;0;0341;076;20150108120007;20150108120007
36480806;0;3184800431;0;0;0341;076;20150108120007;20150108120007
36480801;0;3184714053;0;0;0341;076;20150108120007;20150108120007
36480724;0;3184713697;0;0;0341;076;20150108120007;20150108120007
36480726;0;3184762024;0;0;0341;076;20150108120007;20150108120007
36480807;0;3184837255;0;0;0341;076;20150108120007;20150108120007
36480805;0;3184765699;0;0;0341;076;20150108120007;20150108120007
36480808;0;3184837260;0;0;0341;076;20150108120007;20150108120007
36486731;0;3888172832;0;0;0341;076;20150108120007;20150108120007
36480809;0;3184837735;0;0;0341;076;20150108120007;20150108120007
36481124;0;3184874288;0;0;0341;076;20150108120007;20150108120007
36539874;0;3186481943;0;0;0341;076;20150108120007;20150108120007
36533907;0;3888039105;0;0;0341;076;20150108120007;20150108120007
36545235;0;3332782739;0;0;0125;102;20150108120007;20150108120007
36348774;0;3432937409;2;0;0121;235;20150108120007;20150108120007
36542184;0;3332717680;0;0;0125;102;20150108120007;20150108120007
36534493;0;3192778807;0;0;0321;430;20150108120007;20150108120007
36480174;0;3184559036;0;0;0341;076;20150108120007;20150108120007
36480172;0;3184558591;0;0;0341;076;20150108120007;20150108120007
36530673;0;3232130060;0;0;0125;102;20150108120007;20150108120007
36538350;0;3197110204;0;0;0341;076;20150108120007;20150108120007
36480725;0;3184723287;0;0;0341;076;20150108120007;20150108120007
36534721;0;3197212421;0;0;0341;076;20150108120007;20150108120007
36544304;0;3332714110;0;0;0125;102;20150108120007;20150108120007
36331456;0;3432937432;2;0;0121;235;20150108120007;20150108120007
36535846;0;3332734567;0;0;0125;102;20150108120007;20150108120007
36545183;0;4136693158;0;0;0125;141;20150108120008;20150108120008
36481854;0;3499189423;0;0;0341;076;20150108120007;20150108120007
36540358;0;3499590770;0;0;0321;430;20150108120007;20150108120007
36541189;0;3499584648;0;0;0312;034;20150108120007;20150108120007
14415270;1;4735011084;;;;;;20150108120009
36431984;0;4735011084;2;0;0121;247;20150108120009;20150108120009
26512582;1;3488810499;;;;;;20150108120007
36537499;0;3488810499;0;0;0321;430;20150108120007;20150108120007
36536004;0;3492342927;0;0;0321;430;20150108120007;20150108120007
36539064;0;3492554769;0;0;0321;430;20150108120007;20150108120007
36537405;0;3492338446;0;0;0321;430;20150108120007;20150108120007
36532890;0;3488153748;0;0;0321;430;20150108120007;20150108120007
36536722;0;3492256647;0;0;0321;430;20150108120007;20150108120007
36542728;0;3196051306;0;0;0341;076;20150108120007;20150108120007
14415266;1;4735011080;;;;;;20150108120009
36431971;0;4735011080;2;0;0121;247;20150108120009;20150108120009
36532990;0;3191167269;0;0;0321;430;20150108120007;20150108120007
36542756;0;3196201521;0;0;0341;076;20150108120007;20150108120007
36537847;0;3199149673;0;0;0341;076;20150108120007;20150108120007
36537439;0;3232164599;0;0;0125;102;20150108120007;20150108120007
36542443;0;3299297002;0;0;0321;430;20150108120007;20150108120007
36481120;0;3184686606;0;0;0341;076;20150108120007;20150108120007
36480176;0;3184569835;0;0;0341;076;20150108120007;20150108120007
36481121;0;3184714083;0;0;0341;076;20150108120007;20150108120007
36480179;0;3184683226;0;0;0341;076;20150108120007;20150108120007
36480181;0;3184692498;0;0;0341;076;20150108120007;20150108120007
36480180;0;3184688988;0;0;0341;076;20150108120007;20150108120007
14415247;1;4735011061;;;;;;20150108120008
36431874;0;4735011061;2;0;0121;247;20150108120008;20150108120008
36547025;0;4136074292;0;0;0125;141;20150108120008;20150108120008
36538228;0;4133666585;0;0;0125;141;20150108120008;20150108120008
36486748;0;3888290017;0;0;0341;076;20150108120007;20150108120007
36486747;0;3888260270;0;0;0341;076;20150108120007;20150108120007
14415271;1;4735011085;;;;;;20150108120009
36431990;0;4735011085;2;0;0121;247;20150108120009;20150108120009
14415248;1;4735011062;;;;;;20150108120008
36431880;0;4735011062;2;0;0121;247;20150108120008;20150108120008
14415240;1;4735011054;;;;;;20150108120008
36431835;0;4735011054;2;0;0121;247;20150108120008;20150108120008
14415243;1;4735011057;;;;;;20150108120008
36431845;0;4735011057;2;0;0121;247;20150108120008;20150108120008
14415236;1;4735011050;;;;;;20150108120008
36431822;0;4735011050;2;0;0121;247;20150108120008;20150108120008
14415251;1;4735011065;;;;;;20150108120008
36431913;0;4735011065;2;0;0121;247;20150108120008;20150108120008
14415250;1;4735011064;;;;;;20150108120008
36431908;0;4735011064;2;0;0121;247;20150108120008;20150108120008
36545328;0;4133623576;0;0;0125;141;20150108120008;20150108120008
25251837;1;4133442030;;;;;;20150108120016
14415249;1;4735011063;;;;;;20150108120008
36431894;0;4735011063;2;0;0121;247;20150108120008;20150108120008
36537377;0;4491071401;0;0;0321;441;20150108120008;20150108120008
36534126;0;3496483286;0;0;0321;430;20150108120007;20150108120007
36547008;0;4734661945;0;0;0125;147;20150108120008;20150108120008
21391606;1;4199419966;;;;;;20150108120008
36539412;0;4199419966;0;0;0321;441;20150108120008;20150108120008
14415254;1;4735011068;;;;;;20150108120008
36431924;0;4735011068;2;0;0121;247;20150108120008;20150108120008
36486745;0;3888172834;0;0;0341;076;20150108120007;20150108120007
36486746;0;3888172838;0;0;0341;076;20150108120007;20150108120007
36542680;0;4330641908;0;0;0143;042;20150108120008;20150108120008
14415256;1;4735011070;;;;;;20150108120008
36431928;0;4735011070;2;0;0121;247;20150108120008;20150108120008
14415265;1;4735011079;;;;;;20150108120009
36431969;0;4735011079;2;0;0121;247;20150108120009;20150108120009
14415263;1;4735011077;;;;;;20150108120009
36431957;0;4735011077;2;0;0121;247;20150108120009;20150108120009
36544230;0;4132093462;0;0;0125;141;20150108120008;20150108120008
14415261;1;4735011075;;;;;;20150108120009
36431951;0;4735011075;2;0;0121;247;20150108120009;20150108120009
14415260;1;4735011074;;;;;;20150108120008
36431944;0;4735011074;2;0;0121;247;20150108120008;20150108120008
14415259;1;4735011073;;;;;;20150108120008
36431942;0;4735011073;2;0;0121;247;20150108120008;20150108120008
14415252;1;4735011066;;;;;;20150108120008
36431918;0;4735011066;2;0;0121;247;20150108120008;20150108120008
14415246;1;4735011060;;;;;;20150108120008
36431872;0;4735011060;2;0;0121;247;20150108120008;20150108120008
14415257;1;4735011071;;;;;;20150108120008
36431930;0;4735011071;2;0;0121;247;20150108120008;20150108120008
36545139;0;4133852716;0;0;0125;141;20150108120008;20150108120008
36544136;0;4198105450;0;0;0321;441;20150108120008;20150108120008
36539411;0;4191558176;0;0;0321;441;20150108120008;20150108120008
36544647;0;4199106704;0;0;0321;441;20150108120008;20150108120008
36538896;0;4132828640;0;0;0125;141;20150108120008;20150108120008
36533775;0;3888032137;0;0;0341;076;20150108120007;20150108120007
36543752;0;3791490289;0;0;0312;034;20150108120007;20150108120007
34836094;1;4188641891;;;;;;20150108120017
36533376;0;3499170329;0;0;0312;034;20150108120007;20150108120007
14415262;1;4735011076;;;;;;20150108120009
36431954;0;4735011076;2;0;0121;247;20150108120009;20150108120009
36536603;0;3892246574;0;0;0321;430;20150108120007;20150108120007
14415267;1;4735011081;;;;;;20150108120009
36431974;0;4735011081;2;0;0121;247;20150108120009;20150108120009
14415269;1;4735011083;;;;;;20150108120009
36431981;0;4735011083;2;0;0121;247;20150108120009;20150108120009
14415264;1;4735011078;;;;;;20150108120009
36431961;0;4735011078;2;0;0121;247;20150108120009;20150108120009
14415268;1;4735011082;;;;;;20150108120009
36431976;0;4735011082;2;0;0121;247;20150108120009;20150108120009
14415253;1;4735011067;;;;;;20150108120008
36431921;0;4735011067;2;0;0121;247;20150108120008;20150108120008
14415238;1;4735011052;;;;;;20150108120008
36431830;0;4735011052;2;0;0121;247;20150108120008;20150108120008
14415255;1;4735011069;;;;;;20150108120008
36431925;0;4735011069;2;0;0121;247;20150108120008;20150108120008
36543987;0;4334248240;0;0;0125;141;20150108120008;20150108120008
36537102;0;4333511145;0;0;0125;142;20150108120008;20150108120008
14415258;1;4735011072;;;;;;20150108120008
36431937;0;4735011072;2;0;0121;247;20150108120008;20150108120008
36545009;0;4432627099;0;0;0125;141;20150108120008;20150108120008
36406383;1;3591575266;;;;;;20150108120017
36543062;0;4430530849;0;0;0125;141;20150108120008;20150108120008
36537686;0;3499799931;0;0;0321;430;20150108120007;20150108120007
36536566;0;3599113999;0;0;0321;430;20150108120007;20150108120007
36530877;0;4432642253;0;0;0125;141;20150108120008;20150108120008
33419506;1;4733308198;;;;;;20150108120008
36535497;0;4733308198;0;0;0125;147;20150108120008;20150108120008
14415237;1;4735011051;;;;;;20150108120008
36431825;0;4735011051;2;0;0121;247;20150108120008;20150108120008
36536126;0;4733607495;0;0;0125;147;20150108120008;20150108120008
14415244;1;4735011058;;;;;;20150108120008
36431846;0;4735011058;2;0;0121;247;20150108120008;20150108120008
36533289;0;4733486955;0;0;0125;147;20150108120008;20150108120008
36535798;0;4130161315;0;0;0143;541;20150108120007;20150108120007
36532881;0;4535280120;0;0;0125;141;20150108120008;20150108120008
14415245;1;4735011059;;;;;;20150108120008
36431865;0;4735011059;2;0;0121;247;20150108120008;20150108120008
14415241;1;4735011055;;;;;;20150108120008
36431836;0;4735011055;2;0;0121;247;20150108120008;20150108120008
36534086;0;4535726891;0;0;0125;141;20150108120008;20150108120008
36535792;0;4432675692;0;0;0125;141;20150108120008;20150108120008
36538474;0;4535722603;0;0;0125;141;20150108120008;20150108120008
36543946;0;4635240481;0;0;0125;141;20150108120008;20150108120008
14415239;1;4735011053;;;;;;20150108120008
36431831;0;4735011053;2;0;0121;247;20150108120008;20150108120008
14415242;1;4735011056;;;;;;20150108120008
36431844;0;4735011056;2;0;0121;247;20150108120008;20150108120008
14415272;1;4735011086;;;;;;20150108120009
36431994;0;4735011086;2;0;0121;247;20150108120009;20150108120009
14415273;1;4735011087;;;;;;20150108120009
36431997;0;4735011087;2;0;0121;247;20150108120009;20150108120009
14415279;1;4735011093;;;;;;20150108120009
36432082;0;4735011093;2;0;0121;247;20150108120009;20150108120009
14415274;1;4735011088;;;;;;20150108120009
36432001;0;4735011088;2;0;0121;247;20150108120009;20150108120009
14415278;1;4735011092;;;;;;20150108120009
36432032;0;4735011092;2;0;0121;247;20150108120009;20150108120009
14415282;1;4735011096;;;;;;20150108120009
36432096;0;4735011096;2;0;0121;247;20150108120009;20150108120009
14415276;1;4735011090;;;;;;20150108120009
36432017;0;4735011090;2;0;0121;247;20150108120009;20150108120009
14415281;1;4735011095;;;;;;20150108120009
36432091;0;4735011095;2;0;0121;247;20150108120009;20150108120009
14415277;1;4735011091;;;;;;20150108120009
36432025;0;4735011091;2;0;0121;247;20150108120009;20150108120009
14415275;1;4735011089;;;;;;20150108120009
36432013;0;4735011089;2;0;0121;247;20150108120009;20150108120009
14415280;1;4735011094;;;;;;20150108120009
36432085;0;4735011094;2;0;0121;247;20150108120009;20150108120009
26771587;1;4896296523;;;;;;20150108120018
26771569;1;4896296522;;;;;;20150108120018
26771572;1;4896297614;;;;;;20150108120018
14415283;1;4735011097;;;;;;20150108120009
36432097;0;4735011097;2;0;0121;247;20150108120009;20150108120009
26771591;1;4896297458;;;;;;20150108120018
14415284;1;4735011098;;;;;;20150108120009
36432110;0;4735011098;2;0;0121;247;20150108120009;20150108120009
20961876;1;4796081712;;;;;;20150108120018
26771594;1;4896296525;;;;;;20150108120018
14415285;1;4735011099;;;;;;20150108120009
36432118;0;4735011099;2;0;0121;247;20150108120009;20150108120009
36535063;0;4891472441;0;0;0341;046;20150108120009;20150108120009
26771579;1;4896297459;;;;;;20150108120018
26771586;1;4896297287;;;;;;20150108120018
26771592;1;4896296524;;;;;;20150108120018
26771598;1;4896297278;;;;;;20150108120018
36533140;0;4788121414;0;0;0341;046;20150108120009;20150108120009
36544161;0;4833489622;0;0;0125;147;20150108120009;20150108120009
26771576;1;4896297283;;;;;;20150108120018
26771599;1;4896297280;;;;;;20150108120018
26582753;1;4899345151;;;;;;20150108120018
26771573;1;4896296530;;;;;;20150108120018
36506830;0;4891839438;0;0;0341;046;20150108120009;20150108120009
26582755;1;4899345200;;;;;;20150108120018
36539479;0;4799642390;0;0;0321;447;20150108120009;20150108120009
26709520;1;4896295200;;;;;;20150108120018
26771568;1;4896399200;;;;;;20150108120018
26582756;1;4899431100;;;;;;20150108120018
26771590;1;4896297291;;;;;;20150108120018
26771596;1;4896296526;;;;;;20150108120018
26709519;1;4896297461;;;;;;20150108120018
24696310;1;4834334567;;;;;;20150108120009
36540973;0;4834334567;0;0;0125;147;20150108120009;20150108120009
26582758;1;4899765200;;;;;;20150108120018
26771597;1;4896296527;;;;;;20150108120018
26771583;1;4896296531;;;;;;20150108120018
26771588;1;4896297289;;;;;;20150108120018
26771575;1;4896296529;;;;;;20150108120018
26771580;1;4896399089;;;;;;20150108120018
26771593;1;4896297460;;;;;;20150108120018
26993370;1;5130845532;;;;;;20150108120018
26771589;1;4896297290;;;;;;20150108120018
36540577;0;5132692346;0;0;0125;151;20150108120009;20150108120009
36537705;0;4899099140;0;0;0321;447;20150108120009;20150108120009
36539557;0;4784576921;0;0;0321;447;20150108120009;20150108120009
26771582;1;4896399229;;;;;;20150108120018
36539099;0;4932242896;0;0;0125;147;20150108120009;20150108120009
26771581;1;4896297281;;;;;;20150108120019
26771585;1;4896297286;;;;;;20150108120019
26771578;1;4896297288;;;;;;20150108120019
26771574;1;4896296528;;;;;;20150108120019
26771595;1;4896297511;;;;;;20150108120019
36533063;0;6133170909;2;0;0121;261;20150108120010;20150108120010
36542794;0;5198927084;0;0;0321;006;20150108120009;20150108120009
26582754;1;4899817374;;;;;;20150108120019
36533160;0;6133170946;2;0;0121;261;20150108120010;20150108120010
26709518;1;4896297275;;;;;;20150108120019
26771584;1;4896297285;;;;;;20150108120019
36537743;0;4933296646;0;0;0125;147;20150108120009;20150108120009
26771577;1;4896297284;;;;;;20150108120019
36533064;0;6133170910;2;0;0121;261;20150108120010;20150108120010
36530692;0;4932247441;0;0;0125;147;20150108120009;20150108120009
36536072;0;4932239922;0;0;0125;147;20150108120009;20150108120009
26582757;1;4899860798;;;;;;20150108120019
36532346;0;5135596531;0;0;0125;151;20150108120009;20150108120009
36539337;0;4932240652;0;0;0125;147;20150108120009;20150108120009
13719911;1;4999686570;;;;;;20150108120019
36535918;0;4991184693;0;0;0321;447;20150108120009;20150108120009
36535674;0;4991834693;0;0;0321;447;20150108120009;20150108120009
24663825;1;5130193904;;;;;;20150108120009
36530674;0;5130193904;0;0;0213;192;20150108120009;20150108120009
36533137;0;6133170939;2;0;0121;261;20150108120010;20150108120010
36533029;0;6133170902;2;0;0121;261;20150108120009;20150108120009
36533031;0;6133170903;2;0;0121;261;20150108120010;20150108120010
36544599;0;5132258788;0;0;0125;151;20150108120009;20150108120009
36533035;0;6133170905;2;0;0121;261;20150108120010;20150108120010
36533059;0;6133170908;2;0;0121;261;20150108120010;20150108120010
36533055;0;6133170907;2;0;0121;261;20150108120010;20150108120010
36533036;0;6133170906;2;0;0121;261;20150108120010;20150108120010
36533161;0;6133170947;2;0;0121;261;20150108120010;20150108120010
36533078;0;6133170914;2;0;0121;261;20150108120010;20150108120010
36533144;0;6133170943;2;0;0121;261;20150108120010;20150108120010
36533071;0;6133170912;2;0;0121;261;20150108120010;20150108120010
36533166;0;6133170949;2;0;0121;261;20150108120010;20150108120010
36533074;0;6133170913;2;0;0121;261;20150108120010;20150108120010
36533135;0;6133170937;2;0;0121;261;20150108120010;20150108120010
36533069;0;6133170911;2;0;0121;261;20150108120010;20150108120010
36537785;0;5181552411;0;0;0321;006;20150108120009;20150108120009
36530574;0;5134916048;0;0;0125;151;20150108120009;20150108120009
36540651;0;5499049840;0;0;0321;006;20150108120010;20150108120010
36543388;0;5197009783;0;0;0321;006;20150108120009;20150108120009
36546894;0;5134285675;0;0;0125;151;20150108120009;20150108120009
36533084;0;6133170917;2;0;0121;261;20150108120010;20150108120010
36533080;0;6133170915;2;0;0121;261;20150108120010;20150108120010
36533087;0;6133170919;2;0;0121;261;20150108120010;20150108120010
36545068;0;5499395648;0;0;0321;006;20150108120010;20150108120010
36534030;0;5134802830;0;0;0125;151;20150108120009;20150108120009
36533091;0;6133170921;2;0;0121;261;20150108120010;20150108120010
36533089;0;6133170920;2;0;0121;261;20150108120010;20150108120010
36534171;0;6133729504;0;0;0125;161;20150108120010;20150108120010
36538895;0;6133596939;0;0;0125;161;20150108120010;20150108120010
34323246;1;5186551393;;;;;;20150108120009
36535640;0;5186551393;0;0;0321;006;20150108120009;20150108120009
36542884;0;5199891444;0;0;0321;006;20150108120010;20150108120010
9379154;1;5133423455;;;;;;20150108120009
36545307;0;5133423455;0;0;0125;151;20150108120009;20150108120009
36533163;0;6133170948;2;0;0121;261;20150108120010;20150108120010
36533026;0;6133170900;2;0;0121;261;20150108120010;20150108120010
36535130;0;6132055011;0;0;0125;162;20150108120010;20150108120010
36533083;0;6133170916;2;0;0121;261;20150108120010;20150108120010
36533086;0;6133170918;2;0;0121;261;20150108120010;20150108120010
36536427;0;5197866229;0;0;0321;006;20150108120009;20150108120009
36544016;0;5532217500;0;0;0125;151;20150108120010;20150108120010
36533027;0;6133170901;2;0;0121;261;20150108120010;20150108120010
36542674;0;5432123733;0;0;0125;151;20150108120010;20150108120010
36533034;0;6133170904;2;0;0121;261;20150108120010;20150108120010
36542210;0;5185319638;0;0;0321;006;20150108120009;20150108120009
36533092;0;6133170922;2;0;0121;261;20150108120010;20150108120010
36530516;0;5134751247;0;0;0125;151;20150108120009;20150108120009
36533146;0;6133170944;2;0;0121;261;20150108120010;20150108120010
36533095;0;6133170923;2;0;0121;261;20150108120010;20150108120010
36408338;0;6536174012;2;0;0125;165;20150108120010;20150108120010
36533132;0;6133170936;2;0;0121;261;20150108120010;20150108120010
36541251;0;5184418721;0;0;0321;006;20150108120009;20150108120009
36534744;0;5182542127;0;0;0321;006;20150108120009;20150108120009
32218581;1;5181952642;;;;;;20150108120009
36533386;0;5181952642;0;0;0321;006;20150108120009;20150108120009
36408342;0;6536174016;2;0;0125;165;20150108120011;20150108120011
36546458;0;5134312315;0;0;0125;151;20150108120009;20150108120009
36533097;0;6133170925;2;0;0121;261;20150108120010;20150108120010
36533100;0;6133170926;2;0;0121;261;20150108120010;20150108120010
36408341;0;6536174015;2;0;0125;165;20150108120011;20150108120011
36533096;0;6133170924;2;0;0121;261;20150108120010;20150108120010
36408340;0;6536174014;2;0;0125;165;20150108120010;20150108120010
36533102;0;6133170927;2;0;0121;261;20150108120010;20150108120010
36533141;0;6133170941;2;0;0121;261;20150108120010;20150108120010
36533143;0;6133170942;2;0;0121;261;20150108120010;20150108120010
36536930;0;6291978155;0;0;0341;462;20150108120010;20150108120010
27838473;1;6530238115;;;;;;20150108120020
36408327;0;6536174001;2;0;0125;165;20150108120010;20150108120010
36533154;0;6133170945;2;0;0121;261;20150108120010;20150108120010
36546044;0;6436213659;0;0;0125;162;20150108120010;20150108120010
36533131;0;6133170935;2;0;0121;261;20150108120010;20150108120010
36408326;0;6536174000;2;0;0125;165;20150108120010;20150108120010
36408335;0;6536174009;2;0;0125;165;20150108120010;20150108120010
36533139;0;6133170940;2;0;0121;261;20150108120010;20150108120010
36534691;0;6133814270;0;0;0125;161;20150108120010;20150108120010
36540523;0;6484052789;0;0;0312;348;20150108120010;20150108120010
36414231;0;6436235748;2;0;0121;262;20150108120010;20150108120010
36408343;0;6536174017;2;0;0125;165;20150108120011;20150108120011
36408337;0;6536174011;2;0;0125;165;20150108120010;20150108120010
36408345;0;6536174019;2;0;0125;165;20150108120011;20150108120011
36408332;0;6536174006;2;0;0125;165;20150108120010;20150108120010
36408330;0;6536174004;2;0;0125;165;20150108120010;20150108120010
36408331;0;6536174005;2;0;0125;165;20150108120010;20150108120010
36408339;0;6536174013;2;0;0125;165;20150108120010;20150108120010
36408336;0;6536174010;2;0;0125;165;20150108120010;20150108120010
36408333;0;6536174007;2;0;0125;165;20150108120010;20150108120010
36408334;0;6536174008;2;0;0125;165;20150108120010;20150108120010
36408344;0;6536174018;2;0;0125;165;20150108120011;20150108120011
36533107;0;6133170928;2;0;0121;261;20150108120010;20150108120010
36408358;0;6536174032;2;0;0125;165;20150108120011;20150108120011
36533106;0;6133170929;2;0;0121;261;20150108120010;20150108120010
36533112;0;6133170932;2;0;0121;261;20150108120010;20150108120010
36533127;0;6133170933;2;0;0121;261;20150108120010;20150108120010
36533136;0;6133170938;2;0;0121;261;20150108120010;20150108120010
36408359;0;6536174033;2;0;0125;165;20150108120011;20150108120011
36533109;0;6133170930;2;0;0121;261;20150108120010;20150108120010
36533111;0;6133170931;2;0;0121;261;20150108120010;20150108120010
36408328;0;6536174002;2;0;0125;165;20150108120010;20150108120010
36408329;0;6536174003;2;0;0125;165;20150108120010;20150108120010
36408346;0;6536174020;2;0;0125;165;20150108120011;20150108120011
36533126;0;6133170934;2;0;0121;261;20150108120010;20150108120010
35695591;0;6135421881;0;0;0125;161;20150108120010;20150108120010
36535694;0;6232817311;0;0;0125;162;20150108120010;20150108120010
36408363;0;6536174037;2;0;0125;165;20150108120011;20150108120011
36408361;0;6536174035;2;0;0125;165;20150108120011;20150108120011
36248877;0;6181145288;0;0;0321;063;20150108120010;20150108120010
36414227;0;6436232559;2;0;0121;262;20150108120010;20150108120010
36248878;0;6182731667;0;0;0321;063;20150108120010;20150108120010
36408367;0;6536174041;2;0;0125;165;20150108120011;20150108120011
36408368;0;6536174042;2;0;0125;165;20150108120011;20150108120011
36408370;0;6536174044;2;0;0125;165;20150108120011;20150108120011
36408369;0;6536174043;2;0;0125;165;20150108120011;20150108120011
36545354;0;6135472075;0;0;0125;161;20150108120010;20150108120010
36408366;0;6536174040;2;0;0125;165;20150108120011;20150108120011
36408350;0;6536174024;2;0;0125;165;20150108120011;20150108120011
36408353;0;6536174027;2;0;0125;165;20150108120011;20150108120011
34026242;1;6184140330;;;;;;20150108120010
36539677;0;6184140330;0;0;0321;063;20150108120010;20150108120010
36537899;0;6233246585;0;0;0125;162;20150108120010;20150108120010
36408372;0;6536174046;2;0;0125;165;20150108120011;20150108120011
36408373;0;6536174047;2;0;0125;165;20150108120011;20150108120011
36408362;0;6536174036;2;0;0125;165;20150108120011;20150108120011
36408351;0;6536174025;2;0;0125;165;20150108120011;20150108120011
36408357;0;6536174031;2;0;0125;165;20150108120011;20150108120011
36408379;0;6536174053;2;0;0125;165;20150108120011;20150108120011
36408384;0;6536174058;2;0;0125;165;20150108120011;20150108120011
36408378;0;6536174052;2;0;0125;165;20150108120011;20150108120011
36408397;0;6536174071;2;0;0125;165;20150108120011;20150108120011
36408349;0;6536174023;2;0;0125;165;20150108120011;20150108120011
36408365;0;6536174039;2;0;0125;165;20150108120011;20150108120011
36545472;0;6235787543;0;0;0125;162;20150108120010;20150108120010
36408364;0;6536174038;2;0;0125;165;20150108120011;20150108120011
24226841;1;6239452188;;;;;;20150108120021
36534771;0;6733883960;0;0;0125;167;20150108120012;20150108120012
30738668;1;6239454852;;;;;;20150108120021
36408347;0;6536174021;2;0;0125;165;20150108120011;20150108120011
36408355;0;6536174029;2;0;0125;165;20150108120011;20150108120011
36408348;0;6536174022;2;0;0125;165;20150108120011;20150108120011
36408360;0;6536174034;2;0;0125;165;20150108120011;20150108120011
36541492;0;6733214007;2;0;0121;267;20150108120012;20150108120012
36408423;0;6536174097;2;0;0125;165;20150108120011;20150108120011
36538486;0;6733802632;0;0;0125;167;20150108120012;20150108120012
36408382;0;6536174056;2;0;0125;165;20150108120011;20150108120011
36408371;0;6536174045;2;0;0125;165;20150108120011;20150108120011
36408383;0;6536174057;2;0;0125;165;20150108120011;20150108120011
36544157;0;6232730231;0;0;0125;162;20150108120010;20150108120010
36408402;0;6536174076;2;0;0125;165;20150108120011;20150108120011
36408352;0;6536174026;2;0;0125;165;20150108120011;20150108120011
36534431;0;6181438601;0;0;0321;063;20150108120010;20150108120010
6467040;1;6184423326;;;;;;20150108120010
36536904;0;6184423326;0;0;0321;063;20150108120010;20150108120010
36536558;0;6199426666;0;0;0321;063;20150108120010;20150108120010
33505205;1;7132873789;;;;;;20150108120012
36533466;0;7132873789;0;0;0125;387;20150108120012;20150108120012
36408354;0;6536174028;2;0;0125;165;20150108120011;20150108120011
36408356;0;6536174030;2;0;0125;165;20150108120011;20150108120011
36535152;0;6281523235;0;0;0321;077;20150108120010;20150108120010
2622417;1;6232515110;;;;;;20150108120010
36539894;0;6232515110;0;0;0125;162;20150108120010;20150108120010
36545283;0;6232955177;0;0;0125;162;20150108120010;20150108120010
36540520;0;6232978127;0;0;0125;162;20150108120010;20150108120010
36408425;0;6536174099;2;0;0125;165;20150108120011;20150108120011
36408377;0;6536174051;2;0;0125;165;20150108120011;20150108120011
36408406;0;6536174080;2;0;0125;165;20150108120011;20150108120011
36408401;0;6536174075;2;0;0125;165;20150108120011;20150108120011
36408385;0;6536174059;2;0;0125;165;20150108120011;20150108120011
36541493;0;6733215396;2;0;0121;267;20150108120012;20150108120012
36408380;0;6536174054;2;0;0125;165;20150108120011;20150108120011
36408375;0;6536174049;2;0;0125;165;20150108120011;20150108120011
36408376;0;6536174050;2;0;0125;165;20150108120011;20150108120011
36408374;0;6536174048;2;0;0125;165;20150108120011;20150108120011
36408409;0;6536174083;2;0;0125;165;20150108120011;20150108120011
36543346;0;8134695632;0;0;0125;389;20150108120012;20150108120012
36408416;0;6536174090;2;0;0125;165;20150108120011;20150108120011
36408408;0;6536174082;2;0;0125;165;20150108120011;20150108120011
36408407;0;6536174081;2;0;0125;165;20150108120011;20150108120011
36408398;0;6536174072;2;0;0125;165;20150108120011;20150108120011
36408381;0;6536174055;2;0;0125;165;20150108120011;20150108120011
36546456;0;6235730370;0;0;0125;162;20150108120010;20150108120010
36408390;0;6536174064;2;0;0125;165;20150108120011;20150108120011
36408387;0;6536174061;2;0;0125;165;20150108120011;20150108120011
36543799;0;6684379679;0;0;0341;465;20150108120011;20150108120011
36538061;0;6733616717;0;0;0125;167;20150108120012;20150108120012
36539691;0;6235883353;0;0;0125;162;20150108120010;20150108120010
36541106;0;6284130867;0;0;0321;077;20150108120010;20150108120010
36408386;0;6536174060;2;0;0125;165;20150108120011;20150108120011
36546989;0;7132564558;0;0;0125;387;20150108120012;20150108120012
36547036;0;6733523040;0;0;0125;167;20150108120012;20150108120012
36408399;0;6536174073;2;0;0125;165;20150108120011;20150108120011
36539013;0;6581191942;0;0;0321;057;20150108120011;20150108120011
36408389;0;6536174063;2;0;0125;165;20150108120011;20150108120011
36408424;0;6536174098;2;0;0125;165;20150108120011;20150108120011
36408391;0;6536174065;2;0;0125;165;20150108120011;20150108120011
36408395;0;6536174069;2;0;0125;165;20150108120011;20150108120011
36408388;0;6536174062;2;0;0125;165;20150108120011;20150108120011
36408393;0;6536174067;2;0;0125;165;20150108120011;20150108120011
36408394;0;6536174068;2;0;0125;165;20150108120011;20150108120011
36408392;0;6536174066;2;0;0125;165;20150108120011;20150108120011
29962731;1;7132936510;;;;;;20150108120012
36533105;0;7132936510;0;0;0125;387;20150108120012;20150108120012
36408403;0;6536174077;2;0;0125;165;20150108120011;20150108120011
36408396;0;6536174070;2;0;0125;165;20150108120011;20150108120011
36535027;0;7136226843;0;0;0125;387;20150108120012;20150108120012
36408410;0;6536174084;2;0;0125;165;20150108120011;20150108120011
33588574;1;7130220821;;;;;;20150108120023
36408404;0;6536174078;2;0;0125;165;20150108120011;20150108120011
36408400;0;6536174074;2;0;0125;165;20150108120011;20150108120011
36537232;0;7132710448;0;0;0125;387;20150108120012;20150108120012
36539439;0;8184861701;0;0;0321;023;20150108120012;20150108120012
20665142;1;8132418574;;;;;;20150108120012
36536958;0;8132418574;0;0;0125;389;20150108120012;20150108120012
917281;1;7196376250;;;;;;20150108120012
36543424;0;7196376250;0;0;0321;471;20150108120012;20150108120012
36534050;0;7134611888;0;0;0125;387;20150108120012;20150108120012
36408415;0;6536174089;2;0;0125;165;20150108120011;20150108120011
36536044;0;7932179847;0;0;0125;477;20150108120012;20150108120012
36408405;0;6536174079;2;0;0125;165;20150108120011;20150108120011
36408412;0;6536174086;2;0;0125;165;20150108120011;20150108120011
36408417;0;6536174091;2;0;0125;165;20150108120011;20150108120011
36408421;0;6536174095;2;0;0125;165;20150108120011;20150108120011
36408422;0;6536174096;2;0;0125;165;20150108120011;20150108120011
36536174;0;8187169234;0;0;0321;023;20150108120012;20150108120012
33588576;1;7133410820;;;;;;20150108120012
36540220;0;7133410820;0;0;0125;387;20150108120012;20150108120012
36536802;0;7133747123;0;0;0125;387;20150108120012;20150108120012
36534580;0;7133626276;0;0;0125;387;20150108120012;20150108120012
33588577;1;7133410877;;;;;;20150108120012
36540222;0;7133410877;0;0;0125;387;20150108120012;20150108120012
36536245;0;8187350540;0;0;0321;023;20150108120012;20150108120012
36539897;0;8187358605;0;0;0321;023;20150108120012;20150108120012
28664627;1;7133995082;;;;;;20150108120012
36535127;0;7133995082;0;0;0125;387;20150108120012;20150108120012
36537966;0;8184561554;0;0;0321;023;20150108120012;20150108120012
36408411;0;6536174085;2;0;0125;165;20150108120011;20150108120011
36408413;0;6536174087;2;0;0125;165;20150108120011;20150108120011
36408418;0;6536174092;2;0;0125;165;20150108120011;20150108120011
23202412;1;8133263801;;;;;;20150108120012
36546654;0;8133263801;0;0;0125;389;20150108120012;20150108120012
36408414;0;6536174088;2;0;0125;165;20150108120011;20150108120011
36408420;0;6536174094;2;0;0125;165;20150108120011;20150108120011
36536133;0;8181767408;0;0;0321;023;20150108120012;20150108120012
36536433;0;8188559889;0;0;0321;023;20150108120012;20150108120012
36408419;0;6536174093;2;0;0125;165;20150108120011;20150108120011
36535336;0;8187225202;0;0;0321;023;20150108120012;20150108120012
36535192;0;8187649832;0;0;0321;023;20150108120012;20150108120012
36535715;0;8187381240;0;0;0321;023;20150108120012;20150108120012
36536410;0;8188336511;0;0;0321;023;20150108120012;20150108120012
36539624;0;8187010359;0;0;0321;023;20150108120012;20150108120012
36530498;0;8534947655;0;0;0125;388;20150108120013;20150108120013
36540044;0;8187035526;0;0;0321;023;20150108120012;20150108120012
36536915;0;8532858468;0;0;0125;388;20150108120013;20150108120013
36429170;0;8535336011;2;0;0131;085;20150108120013;20150108120013
36535178;0;7932272389;0;0;0125;477;20150108120012;20150108120012
36535936;0;8185565415;0;0;0321;023;20150108120012;20150108120012
36535777;0;8185466760;0;0;0321;023;20150108120012;20150108120012
36542885;0;8182145770;0;0;0321;023;20150108120012;20150108120012
32678233;1;8181755066;;;;;;20150108120012
36544733;0;8181755066;0;0;0341;080;20150108120012;20150108120012
36541186;0;8183254490;0;0;0321;023;20150108120012;20150108120012
36539869;0;8184147274;0;0;0321;023;20150108120012;20150108120012
36542637;0;8183179890;0;0;0321;023;20150108120012;20150108120012
36302435;0;8534214522;2;0;0131;085;20150108120013;20150108120013
36535493;0;8184176598;0;0;0321;023;20150108120012;20150108120012
36535531;0;8185225281;0;0;0321;023;20150108120012;20150108120012
36536360;0;8184833378;0;0;0321;023;20150108120012;20150108120012
36541568;0;8182346610;0;0;0321;023;20150108120012;20150108120012
36536095;0;8185120758;0;0;0321;023;20150108120012;20150108120012
36546361;0;8137190442;0;0;0125;389;20150108120012;20150108120012
36541404;0;8182709636;0;0;0321;023;20150108120012;20150108120012
36538695;0;8181388181;0;0;0341;080;20150108120012;20150108120012
36535421;0;8185015903;0;0;0321;023;20150108120012;20150108120012
36539655;0;8184554233;0;0;0321;023;20150108120012;20150108120012
36535642;0;8185789937;0;0;0321;023;20150108120012;20150108120012
36302424;0;8534214511;2;0;0131;085;20150108120013;20150108120013
36302423;0;8534214510;2;0;0131;085;20150108120013;20150108120013
36302433;0;8534214520;2;0;0131;085;20150108120013;20150108120013
36302431;0;8534214518;2;0;0131;085;20150108120013;20150108120013
36302427;0;8534214514;2;0;0131;085;20150108120013;20150108120013
36302420;0;8534214507;2;0;0131;085;20150108120013;20150108120013
36302419;0;8534214506;2;0;0131;085;20150108120013;20150108120013
36302421;0;8534214508;2;0;0131;085;20150108120013;20150108120013
36302418;0;8534214505;2;0;0131;085;20150108120013;20150108120013
36302415;0;8534214502;2;0;0131;085;20150108120013;20150108120013
36539778;0;8188642389;0;0;0321;023;20150108120012;20150108120012
36302414;0;8534214501;2;0;0131;085;20150108120013;20150108120013
36545173;0;8532891709;0;0;0125;388;20150108120013;20150108120013
36302429;0;8534214516;2;0;0131;085;20150108120013;20150108120013
36429161;0;8535336003;2;0;0131;085;20150108120013;20150108120013
36537850;0;8188831833;0;0;0321;023;20150108120012;20150108120012
36539606;0;8191919755;0;0;0341;080;20150108120012;20150108120012
36429166;0;8535336007;2;0;0131;085;20150108120013;20150108120013
36429167;0;8535336008;2;0;0131;085;20150108120013;20150108120013
36418397;0;8596298717;0;0;0321;028;20150108120013;20150108120013
35282316;1;8491293333;;;;;;20150108120024
36546963;0;8532796415;0;0;0125;388;20150108120013;20150108120013
1747146;1;8530815145;;;;;;20150108120013
36533733;0;8530815145;0;0;0125;388;20150108120013;20150108120013
36544064;0;8532434707;0;0;0125;388;20150108120013;20150108120013
30436996;1;8197761884;;;;;;20150108120024
36541398;0;8532492941;0;0;0125;388;20150108120013;20150108120013
30436992;1;8197761887;;;;;;20150108120024
36429164;0;8535336005;2;0;0131;085;20150108120013;20150108120013
36429168;0;8535336009;2;0;0131;085;20150108120013;20150108120013
36302417;0;8534214504;2;0;0131;085;20150108120013;20150108120013
36429181;0;8535336022;2;0;0131;085;20150108120013;20150108120013
36302413;0;8534214500;2;0;0131;085;20150108120013;20150108120013
36302426;0;8534214513;2;0;0131;085;20150108120013;20150108120013
36302438;0;8534214525;2;0;0131;085;20150108120013;20150108120013
36302425;0;8534214512;2;0;0131;085;20150108120013;20150108120013
36302422;0;8534214509;2;0;0131;085;20150108120013;20150108120013
36429171;0;8535336012;2;0;0131;085;20150108120013;20150108120013
36537408;0;8532579674;0;0;0125;388;20150108120013;20150108120013
36302442;0;8534214529;2;0;0131;085;20150108120013;20150108120013
36429165;0;8535336006;2;0;0131;085;20150108120013;20150108120013
36429162;0;8535336004;2;0;0131;085;20150108120013;20150108120013
36302440;0;8534214527;2;0;0131;085;20150108120013;20150108120013
36302441;0;8534214528;2;0;0131;085;20150108120013;20150108120013
36429159;0;8535336001;2;0;0131;085;20150108120013;20150108120013
36429158;0;8535336000;2;0;0131;085;20150108120013;20150108120013
36302416;0;8534214503;2;0;0131;085;20150108120013;20150108120013
36429179;0;8535336020;2;0;0131;085;20150108120013;20150108120013
36429176;0;8535336017;2;0;0131;085;20150108120013;20150108120013
36429174;0;8535336015;2;0;0131;085;20150108120013;20150108120013
30436994;1;8197761886;;;;;;20150108120025
36534587;0;8532893430;0;0;0125;388;20150108120013;20150108120013
36429207;0;8535336048;2;0;0131;085;20150108120013;20150108120013
36429160;0;8535336002;2;0;0131;085;20150108120013;20150108120013
36429180;0;8535336021;2;0;0131;085;20150108120013;20150108120013
36474260;0;92992265546;0;0;0341;492;20150108120014;20150108120014
36429184;0;8535336025;2;0;0131;085;20150108120013;20150108120013
33576078;1;8196061325;;;;;;20150108120012
36542324;0;8196061325;0;0;0321;023;20150108120012;20150108120012
36302430;0;8534214517;2;0;0131;085;20150108120013;20150108120013
28417683;1;8233423670;;;;;;20150108120012
36538494;0;8233423670;0;0;0125;464;20150108120012;20150108120012
36429169;0;8535336010;2;0;0131;085;20150108120013;20150108120013
30436997;1;8197761883;;;;;;20150108120025
36429191;0;8535336032;2;0;0131;085;20150108120013;20150108120013
35700555;0;8599952115;0;0;0320;455;20150108120014;20150108120014
35238110;0;8599958487;0;0;0320;455;20150108120014;20150108120014
36429182;0;8535336023;2;0;0131;085;20150108120013;20150108120013
35238107;0;8596288062;0;0;0320;455;20150108120013;20150108120013
36429208;0;8535336049;2;0;0131;085;20150108120013;20150108120013
36429173;0;8535336014;2;0;0131;085;20150108120013;20150108120013
36429172;0;8535336013;2;0;0131;085;20150108120013;20150108120013
36302434;0;8534214521;2;0;0131;085;20150108120013;20150108120013
36302437;0;8534214524;2;0;0131;085;20150108120013;20150108120013
36429177;0;8535336018;2;0;0131;085;20150108120013;20150108120013
30436995;1;8197761885;;;;;;20150108120025
36429175;0;8535336016;2;0;0131;085;20150108120013;20150108120013
35238114;0;8599939542;0;0;0320;455;20150108120013;20150108120013
36302428;0;8534214515;2;0;0131;085;20150108120013;20150108120013
36429186;0;8535336027;2;0;0131;085;20150108120013;20150108120013
36429183;0;8535336024;2;0;0131;085;20150108120013;20150108120013
36429187;0;8535336028;2;0;0131;085;20150108120013;20150108120013
36541183;0;92988277182;0;0;0321;493;20150108120014;20150108120014
36429204;0;8535336045;2;0;0131;085;20150108120013;20150108120013
36302432;0;8534214519;2;0;0131;085;20150108120013;20150108120013
36429203;0;8535336044;2;0;0131;085;20150108120013;20150108120013
36429192;0;8535336033;2;0;0131;085;20150108120013;20150108120013
25316649;1;92984168781;;;;;;20150108120014
36474259;0;92984168781;0;0;0341;492;20150108120014;20150108120014
35700593;0;8599810634;0;0;0320;455;20150108120013;20150108120013
36429178;0;8535336019;2;0;0131;085;20150108120013;20150108120013
36429185;0;8535336026;2;0;0131;085;20150108120013;20150108120013
36510387;0;8333213133;0;0;0125;446;20150108120012;20150108120012
36429195;0;8535336036;2;0;0131;085;20150108120013;20150108120013
36429196;0;8535336037;2;0;0131;085;20150108120013;20150108120013
36429188;0;8535336029;2;0;0131;085;20150108120013;20150108120013
36429199;0;8535336040;2;0;0131;085;20150108120013;20150108120013
35238129;0;8599975343;0;0;0320;455;20150108120014;20150108120014
35700626;0;8599448849;0;0;0320;455;20150108120013;20150108120013
35238128;0;8599976689;0;0;0320;455;20150108120014;20150108120014
36302436;0;8534214523;2;0;0131;085;20150108120013;20150108120013
35203818;1;91982041516;;;;;;20150108120025
36474261;0;92992266646;0;0;0341;492;20150108120014;20150108120014
36444408;1;96981299966;;;;;;20150108120025
36545032;0;92991167247;0;0;0321;493;20150108120014;20150108120014
35775505;0;8599946071;0;0;0320;455;20150108120014;20150108120014
36429205;0;8535336046;2;0;0131;085;20150108120013;20150108120013
36429206;0;8535336047;2;0;0131;085;20150108120013;20150108120013
35180457;0;8899250346;0;0;0320;455;20150108120014;20150108120014
36302439;0;8534214526;2;0;0131;085;20150108120013;20150108120013
36541209;0;8538793418;0;0;0125;388;20150108120013;20150108120013
32026658;1;8232312986;;;;;;20150108120012
36510411;0;8232312986;0;0;0125;464;20150108120012;20150108120012
36429189;0;8535336030;2;0;0131;085;20150108120013;20150108120013
32459962;1;8530555591;;;;;;20150108120026
36536118;0;8396951342;0;0;0321;024;20150108120012;20150108120012
35775188;0;8596369538;0;0;0320;455;20150108120013;20150108120013
35238113;0;8599939464;0;0;0320;455;20150108120013;20150108120013
35238122;0;8599939543;0;0;0320;455;20150108120013;20150108120013
35700600;0;8599939604;0;0;0320;455;20150108120013;20150108120013
36429200;0;8535336041;2;0;0131;085;20150108120013;20150108120013
25316644;1;92984095359;;;;;;20150108120014
36474243;0;92984095359;0;0;0341;492;20150108120014;20150108120014
36429190;0;8535336031;2;0;0131;085;20150108120013;20150108120013
36544216;0;93991565086;0;0;0321;494;20150108120014;20150108120014
35238126;0;8599939484;0;0;0320;455;20150108120013;20150108120013
36474262;0;92992266694;0;0;0341;492;20150108120014;20150108120014
36429202;0;8535336043;2;0;0131;085;20150108120013;20150108120013
36429197;0;8535336038;2;0;0131;085;20150108120013;20150108120013
36429198;0;8535336039;2;0;0131;085;20150108120013;20150108120013
36429194;0;8535336035;2;0;0131;085;20150108120013;20150108120013
36429193;0;8535336034;2;0;0131;085;20150108120013;20150108120013
36474264;0;92994445898;0;0;0341;492;20150108120014;20150108120014
36474263;0;92992931183;0;0;0341;492;20150108120014;20150108120014
35238134;0;8596750417;0;0;0320;455;20150108120013;20150108120013
36429201;0;8535336042;2;0;0131;085;20150108120013;20150108120013
35238109;0;8596740381;0;0;0320;455;20150108120013;20150108120013
35700551;0;8599811291;0;0;0320;455;20150108120013;20150108120013
434de5ed473ba5f83dbc4a89634bacad