20141230175003;1219
36493801;0;1147556205;0;0;0115;011;20141230160000;20141230160000
36424895;0;1122297239;0;0;0125;100;20141230160000;20141230160000
36429253;0;11949173899;0;0;0321;014;20141230160000;20141230160000
14301790;1;11963032281;;;;;;20141230160000
36345119;0;1127979981;2;0;0125;100;20141230160000;20141230160000
36436614;0;11970340675;0;0;0321;014;20141230160000;20141230160000
36494404;0;1141813121;0;0;0115;011;20141230160000;20141230160000
36439707;0;11961840978;0;0;0321;014;20141230160000;20141230160000
36428556;0;11946787374;0;0;0321;014;20141230160000;20141230160000
36493933;0;1148222878;0;0;0115;013;20141230160000;20141230160000
36345132;0;1127979994;2;0;0125;100;20141230160000;20141230160000
36436757;0;11965550697;0;0;0321;014;20141230160000;20141230160000
36437523;0;11966761108;0;0;0321;014;20141230160000;20141230160000
36345137;0;1127979999;2;0;0125;100;20141230160000;20141230160000
36494485;0;1150514840;0;0;0115;011;20141230160000;20141230160000
36345121;0;1127979983;2;0;0125;100;20141230160000;20141230160000
36426171;0;11953156802;0;0;0321;014;20141230160000;20141230160000
34830686;1;11967679983;;;;;;20141230160000
36428603;0;11974460688;0;0;0321;014;20141230160000;20141230160000
36436197;0;11953454262;0;0;0321;014;20141230160000;20141230160000
36446403;0;11967679983;0;0;0321;014;20141230160000;20141230160000
8309953;1;11972157945;;;;;;20141230160000
36432615;0;11972157945;0;0;0321;014;20141230160000;20141230160000
36393195;0;11953554420;0;0;0321;014;20141230160000;20141230160000
36345134;0;1127979996;2;0;0125;100;20141230160000;20141230160000
34371323;1;11958871747;;;;;;20141230160000
36492026;0;1146793055;0;0;0115;011;20141230160000;20141230160000
36393081;0;11958871747;0;0;0321;014;20141230160000;20141230160000
36383500;0;11970362855;0;0;0321;014;20141230160000;20141230160000
36433507;0;11962147107;0;0;0321;014;20141230160000;20141230160000
32788563;1;1142441655;;;;;;20141230160000
36495051;0;1142441655;0;0;0115;011;20141230160000;20141230160000
36345133;0;1127979995;2;0;0125;100;20141230160000;20141230160000
36345131;0;1127979993;2;0;0125;100;20141230160000;20141230160000
36494623;0;1156411619;0;0;0115;011;20141230160000;20141230160000
36345118;0;1127979980;2;0;0125;100;20141230160000;20141230160000
36492903;0;1142582422;0;0;0123;203;20141230160000;20141230160000
36345130;0;1127979992;2;0;0125;100;20141230160000;20141230160000
36345129;0;1127979991;2;0;0125;100;20141230160000;20141230160000
36380582;0;11947296564;0;0;0321;014;20141230160000;20141230160000
14203472;1;11976491050;;;;;;20141230160002
36493208;0;1144013119;0;0;0115;011;20141230160000;20141230160000
36495008;0;1141848683;0;0;0115;011;20141230160000;20141230160000
36485708;1;1129169241;;;;;;20141230160000
36493814;0;1129169241;0;0;0115;013;20141230160000;20141230160000
36345120;0;1127979982;2;0;0125;100;20141230160000;20141230160000
36492032;0;1120590447;0;0;0115;013;20141230160000;20141230160000
36433867;0;11956481300;0;0;0321;014;20141230160000;20141230160000
36432156;0;11980884449;0;0;0321;014;20141230160001;20141230160001
36396723;0;11957982064;0;0;0321;014;20141230160000;20141230160000
36491900;0;1147613020;0;0;0115;013;20141230160000;20141230160000
36345128;0;1127979990;2;0;0125;100;20141230160000;20141230160000
36438766;0;11975704395;0;0;0321;014;20141230160000;20141230160000
36436758;0;11969856325;0;0;0321;014;20141230160000;20141230160000
36442990;0;11975040855;0;0;0321;014;20141230160000;20141230160000
36382657;0;11975006801;0;0;0321;014;20141230160000;20141230160000
36446493;0;11975248422;0;0;0321;014;20141230160000;20141230160000
36442227;0;11974415686;0;0;0321;014;20141230160000;20141230160000
36432747;0;11941881775;0;0;0321;014;20141230160000;20141230160000
36441853;0;11975460467;0;0;0321;014;20141230160000;20141230160000
31216851;1;11976380570;;;;;;20141230160002
36494780;0;1137816567;0;0;0115;011;20141230160000;20141230160000
36439706;0;11961840951;0;0;0321;014;20141230160000;20141230160000
31143788;1;11968251817;;;;;;20141230160000
36445525;0;11968251817;0;0;0321;014;20141230160000;20141230160000
25076735;1;11976547500;;;;;;20141230160002
36494456;0;1150930413;0;0;0115;011;20141230160000;20141230160000
36446923;0;11967602803;0;0;0321;014;20141230160000;20141230160000
36427945;0;11975456910;0;0;0321;014;20141230160000;20141230160000
8987046;1;11976999131;;;;;;20141230160002
34236919;1;11981128182;;;;;;20141230160001
36394094;0;11981128182;0;0;0321;014;20141230160001;20141230160001
36494451;0;1150934962;0;0;0115;011;20141230160000;20141230160000
36493803;0;1144466675;0;0;0115;011;20141230160000;20141230160000
36438043;0;11970182810;0;0;0321;014;20141230160000;20141230160000
36426174;0;11952966560;0;0;0321;014;20141230160000;20141230160000
36493154;0;1148246035;0;0;0115;013;20141230160000;20141230160000
36345122;0;1127979984;2;0;0125;100;20141230160000;20141230160000
28252259;1;11969189837;;;;;;20141230160002
31488629;1;11948460802;;;;;;20141230160000
36446492;0;11948460802;0;0;0321;014;20141230160000;20141230160000
36388875;0;11968881303;0;0;0321;014;20141230160000;20141230160000
36494480;0;1150519160;0;0;0115;011;20141230160000;20141230160000
36493227;0;1120878440;0;0;0115;011;20141230160000;20141230160000
36446062;0;11971093983;0;0;0321;014;20141230160000;20141230160000
12505914;1;11965066585;;;;;;20141230160000
36395321;0;11965066585;0;0;0321;014;20141230160000;20141230160000
34532602;1;11976690553;;;;;;20141230160002
25076728;1;11976547547;;;;;;20141230160002
36438238;0;11959056481;0;0;0351;823;20141230160000;20141230160000
36430482;0;11951959727;0;0;0321;014;20141230160000;20141230160000
36485539;1;1144441066;;;;;;20141230160000
36493810;0;1144441066;0;0;0115;011;20141230160000;20141230160000
36427173;0;11964944895;0;0;0321;014;20141230160000;20141230160000
20221159;1;11954263409;;;;;;20141230160000
36435934;0;11954263409;0;0;0351;823;20141230160000;20141230160000
36443014;0;11953360400;0;0;0321;014;20141230160000;20141230160000
36435484;0;11952958922;0;0;0321;014;20141230160000;20141230160000
36446316;0;11947742698;0;0;0321;014;20141230160000;20141230160000
36494426;0;1158127212;0;0;0115;011;20141230160000;20141230160000
36436131;0;11955783074;0;0;0321;014;20141230160000;20141230160000
36426531;0;11943180408;0;0;0321;014;20141230160000;20141230160000
36345136;0;1127979998;2;0;0125;100;20141230160000;20141230160000
9595883;1;11980208484;;;;;;20141230160001
36426925;0;11980208484;0;0;0321;014;20141230160001;20141230160001
36491892;0;1137940320;0;0;0115;013;20141230160000;20141230160000
36425743;0;11980400465;0;0;0321;014;20141230160001;20141230160001
36427556;0;1136819231;0;0;0125;100;20141230160000;20141230160000
36444429;0;11961140878;0;0;0321;014;20141230160000;20141230160000
36444682;0;11980921117;0;0;0321;014;20141230160001;20141230160001
36436851;0;11981538945;0;0;0321;014;20141230160001;20141230160001
30536521;1;11959033336;;;;;;20141230160000
36443678;0;11959033336;0;0;0321;014;20141230160000;20141230160000
36432388;0;11979971303;0;0;0321;014;20141230160001;20141230160001
36438539;0;11979626220;0;0;0321;014;20141230160001;20141230160001
36399550;0;11981623002;0;0;0321;014;20141230160001;20141230160001
36444681;0;11981566577;0;0;0321;014;20141230160001;20141230160001
36446285;0;11981687987;0;0;0321;014;20141230160001;20141230160001
36437075;0;11971125352;0;0;0321;014;20141230160000;20141230160000
36495205;0;1143921602;0;0;0115;013;20141230160000;20141230160000
36446192;0;11952490384;0;0;0321;014;20141230160000;20141230160000
36345124;0;1127979986;2;0;0125;100;20141230160000;20141230160000
31030245;1;11965530955;;;;;;20141230160000
36437267;0;11965530955;0;0;0321;014;20141230160000;20141230160000
36442294;0;11946721539;0;0;0321;014;20141230160000;20141230160000
36436020;0;11981114836;0;0;0321;014;20141230160001;20141230160001
36439672;0;11987471929;0;0;0321;014;20141230160002;20141230160002
36437029;0;11982273358;0;0;0321;014;20141230160001;20141230160001
36427768;0;11982189205;0;0;0321;014;20141230160001;20141230160001
36431445;0;11954045961;0;0;0321;014;20141230160000;20141230160000
36493902;0;1148993309;0;0;0115;011;20141230160000;20141230160000
36345123;0;1127979985;2;0;0125;100;20141230160000;20141230160000
36494793;0;1130626005;0;0;0115;011;20141230160000;20141230160000
6701121;1;11973101269;;;;;;20141230160000
36443640;0;11973101269;0;0;0321;014;20141230160000;20141230160000
36438325;0;11966727259;0;0;0321;014;20141230160000;20141230160000
36377112;0;11981931672;0;0;0321;014;20141230160001;20141230160001
29531706;1;1144452755;;;;;;20141230160000
36494693;0;1144452755;0;0;0115;011;20141230160000;20141230160000
36441967;0;11973073011;0;0;0321;014;20141230160000;20141230160000
36390506;0;11959178739;0;0;0321;014;20141230160000;20141230160000
36437511;0;11985761629;0;0;0321;014;20141230160001;20141230160001
27120426;1;11988224040;;;;;;20141230160003
36446013;0;11986882519;0;0;0321;014;20141230160002;20141230160002
33765564;1;11987362633;;;;;;20141230160002
36446272;0;11987362633;0;0;0321;014;20141230160002;20141230160002
36438663;0;11986904231;0;0;0321;014;20141230160002;20141230160002
30997719;1;11987780424;;;;;;20141230160002
36425221;0;11987780424;0;0;0321;014;20141230160002;20141230160002
36491740;0;1134992895;0;0;0121;212;20141230160000;20141230160000
36241226;1;1125588620;;;;;;20141230160000
36493903;0;1125588620;0;0;0115;011;20141230160000;20141230160000
36442825;0;11974313124;0;0;0321;014;20141230160000;20141230160000
36374700;0;11959163928;0;0;0321;014;20141230160000;20141230160000
9158636;1;11989538559;;;;;;20141230160003
11723187;1;11995032266;;;;;;20141230160002
36445057;0;11995032266;0;0;0321;014;20141230160002;20141230160002
36403390;0;11986193378;0;0;0321;014;20141230160002;20141230160002
36446343;0;11986408197;0;0;0321;014;20141230160002;20141230160002
36445237;0;11982667572;0;0;0321;014;20141230160001;20141230160001
36444041;0;11987888388;0;0;0321;014;20141230160002;20141230160002
36444675;0;11986591007;0;0;0321;014;20141230160002;20141230160002
36437057;0;11995001557;0;0;0321;014;20141230160002;20141230160002
36428532;0;11982279195;0;0;0321;014;20141230160001;20141230160001
36433872;0;11982791004;0;0;0351;823;20141230160001;20141230160001
36444822;0;11985839127;0;0;0321;014;20141230160002;20141230160002
36445472;0;11982878808;0;0;0321;014;20141230160001;20141230160001
36063965;0;11984326662;0;0;0321;014;20141230160001;20141230160001
36324418;1;11989760775;;;;;;20141230160004
36437482;0;11986406469;0;0;0321;014;20141230160002;20141230160002
36400743;0;11985808287;0;0;0321;014;20141230160002;20141230160002
36426791;0;11986138129;0;0;0321;014;20141230160002;20141230160002
13803223;1;11989744000;;;;;;20141230160004
24571537;1;11995002138;;;;;;20141230160002
36438549;0;11995002138;0;0;0321;014;20141230160002;20141230160002
21110151;1;11993016251;;;;;;20141230160004
36444156;0;11986023305;0;0;0321;014;20141230160002;20141230160002
18004685;1;11991632379;;;;;;20141230160004
36438978;0;11985778977;0;0;0321;014;20141230160001;20141230160001
32332190;1;11986395114;;;;;;20141230160002
36427139;0;11986395114;0;0;0321;014;20141230160002;20141230160002
36431366;0;11985561988;0;0;0321;014;20141230160001;20141230160001
28831269;1;11982742111;;;;;;20141230160001
36390194;0;11982742111;0;0;0321;014;20141230160001;20141230160001
4002056;1;11982588471;;;;;;20141230160001
36427279;0;11982588471;0;0;0321;014;20141230160001;20141230160001
36438421;0;11983971860;0;0;0321;014;20141230160001;20141230160001
17575965;1;11998269806;;;;;;20141230160002
36431521;0;11998269806;0;0;0321;014;20141230160002;20141230160002
36443995;0;11983249065;0;0;0321;014;20141230160001;20141230160001
36439101;0;11985490378;0;0;0321;014;20141230160001;20141230160001
29754434;1;11984403555;;;;;;20141230160001
36442900;0;11984403555;0;0;0321;014;20141230160001;20141230160001
36393460;0;11983813003;0;0;0321;014;20141230160001;20141230160001
36024466;1;1140496869;;;;;;20141230160000
36492762;0;1140496869;0;0;0115;013;20141230160000;20141230160000
36434030;0;11995591885;0;0;0321;014;20141230160002;20141230160002
36441520;0;11951341798;0;0;0321;014;20141230160000;20141230160000
36432147;0;11986178293;0;0;0321;014;20141230160002;20141230160002
36345127;0;1127979989;2;0;0125;100;20141230160000;20141230160000
36423759;0;11971777976;0;0;0321;014;20141230160000;20141230160000
34701220;1;11945425765;;;;;;20141230160005
36495045;0;1158249118;0;0;0115;011;20141230160000;20141230160000
36485711;1;1125682158;;;;;;20141230160000
36493815;0;1125682158;0;0;0115;013;20141230160000;20141230160000
36428290;0;11967511869;0;0;0321;014;20141230160000;20141230160000
29836181;1;11965968080;;;;;;20141230160005
36431446;0;11962499991;0;0;0321;014;20141230160000;20141230160000
36372050;0;11960209274;0;0;0321;014;20141230160000;20141230160000
10948435;1;1144759039;;;;;;20141230160000
36424643;0;1144759039;0;0;0125;146;20141230160000;20141230160000
36436192;0;11963508083;0;0;0321;014;20141230160000;20141230160000
25076676;1;11993974322;;;;;;20141230160005
21093700;1;11993953706;;;;;;20141230160005
21093694;1;11993256800;;;;;;20141230160005
17575787;1;11995505345;;;;;;20141230160002
36431864;0;11995505345;0;0;0321;014;20141230160002;20141230160002
36493793;0;1139423027;0;0;0115;013;20141230160000;20141230160000
36445916;0;11995389022;0;0;0321;014;20141230160002;20141230160002
36424125;0;1143175976;0;0;0125;146;20141230160000;20141230160000
36445192;0;11960117074;0;0;0321;014;20141230160000;20141230160000
36446570;0;11997800053;0;0;0321;014;20141230160002;20141230160002
21382084;1;11993729643;;;;;;20141230160005
25785293;1;11966970001;;;;;;20141230160000
36446505;0;11966970001;0;0;0321;014;20141230160000;20141230160000
36424352;0;11999441422;0;0;0321;014;20141230160002;20141230160002
11730981;1;11996401094;;;;;;20141230160002
36444894;0;11996401094;0;0;0321;014;20141230160002;20141230160002
36446552;0;11996190272;0;0;0321;014;20141230160002;20141230160002
36345126;0;1127979988;2;0;0125;100;20141230160000;20141230160000
36378468;1;1124682690;;;;;;20141230160000
36492045;0;1124682690;0;0;0115;011;20141230160000;20141230160000
36423792;0;11960601828;0;0;0321;014;20141230160000;20141230160000
36345135;0;1127979997;2;0;0125;100;20141230160000;20141230160000
36433409;0;15988141234;0;0;0321;017;20141230160003;20141230160003
36426172;0;14996046666;0;0;0321;017;20141230160003;20141230160003
36024536;0;14981181808;0;0;0321;017;20141230160003;20141230160003
36345125;0;1127979987;2;0;0125;100;20141230160000;20141230160000
36439103;0;11952147174;0;0;0321;014;20141230160000;20141230160000
36485759;1;1125685574;;;;;;20141230160000
36495037;0;1125685574;0;0;0115;011;20141230160000;20141230160000
33314337;1;11967194283;;;;;;20141230160000
36427345;0;11967194283;0;0;0321;014;20141230160000;20141230160000
36383207;0;13996178661;0;0;0321;017;20141230160003;20141230160003
36435076;0;1432321283;0;0;0125;100;20141230160003;20141230160003
32489742;1;11967461353;;;;;;20141230160000
36437614;0;11967461353;0;0;0321;014;20141230160000;20141230160000
36443100;0;13988835913;0;0;0321;017;20141230160003;20141230160003
36438233;0;11998688731;0;0;0321;014;20141230160002;20141230160002
4587982;1;11997073772;;;;;;20141230160002
36432264;0;11997073772;0;0;0321;014;20141230160002;20141230160002
36491131;0;1530180223;0;0;0121;212;20141230160003;20141230160003
36445240;0;11996748279;0;0;0321;014;20141230160002;20141230160002
36444974;0;11996803292;0;0;0321;014;20141230160002;20141230160002
36392417;0;11998668988;0;0;0321;014;20141230160002;20141230160002
36435694;0;11998098389;0;0;0321;014;20141230160002;20141230160002
36386734;0;14998481001;0;0;0321;017;20141230160003;20141230160003
36386733;0;14996394934;0;0;0321;017;20141230160003;20141230160003
11352185;1;11993465775;;;;;;20141230160005
36426461;0;11993827740;0;0;0351;823;20141230160002;20141230160002
26055214;1;11994262588;;;;;;20141230160005
36437544;0;1533279559;0;0;0125;100;20141230160003;20141230160003
22930235;1;11994400295;;;;;;20141230160005
36444376;0;15981094063;0;0;0321;017;20141230160003;20141230160003
36434998;0;1532117814;0;0;0125;100;20141230160003;20141230160003
36428661;0;11998084334;0;0;0321;014;20141230160002;20141230160002
36446384;0;13982137777;0;0;0321;017;20141230160003;20141230160003
36388391;0;13996083469;0;0;0321;017;20141230160003;20141230160003
36440605;0;12981177606;0;0;0321;017;20141230160002;20141230160002
36433503;0;15988251234;0;0;0321;017;20141230160003;20141230160003
36438075;0;13997319074;0;0;0321;017;20141230160003;20141230160003
36432599;0;11996865286;0;0;0351;823;20141230160002;20141230160002
36428892;0;11999114374;0;0;0321;014;20141230160002;20141230160002
36423537;0;15981189986;0;0;0321;017;20141230160003;20141230160003
14743213;1;1636264420;;;;;;20141230160003
36437059;0;1636264420;0;0;0125;100;20141230160003;20141230160003
36427914;0;11996996948;0;0;0321;014;20141230160002;20141230160002
25535075;1;15997788911;;;;;;20141230160003
36431392;0;15997788911;0;0;0321;017;20141230160003;20141230160003
36442103;0;13997019447;0;0;0321;017;20141230160003;20141230160003
36428662;0;15998007068;0;0;0321;017;20141230160003;20141230160003
36446693;0;11997334179;0;0;0321;014;20141230160002;20141230160002
36423411;0;1633971494;0;0;0125;100;20141230160003;20141230160003
36429019;0;11999161617;0;0;0321;014;20141230160002;20141230160002
28847260;1;1238841082;;;;;;20141230160002
36433274;0;15988341234;0;0;0321;017;20141230160003;20141230160003
36494120;0;1238841082;0;0;0115;011;20141230160002;20141230160002
36427565;0;11997520920;0;0;0321;014;20141230160002;20141230160002
36428541;0;15997369993;0;0;0321;017;20141230160003;20141230160003
26475448;1;11997657116;;;;;;20141230160002
36117242;0;11997657116;0;0;0321;014;20141230160002;20141230160002
36443795;0;13981000131;0;0;0321;017;20141230160002;20141230160002
36381343;0;12982847131;0;0;0321;017;20141230160002;20141230160002
36434416;0;11998456986;0;0;0321;014;20141230160002;20141230160002
15482390;1;1633923929;;;;;;20141230160003
36412170;0;1633923929;0;0;0125;100;20141230160003;20141230160003
36437590;0;1633572351;0;0;0125;100;20141230160003;20141230160003
36247369;0;1633243985;0;0;0125;100;20141230160003;20141230160003
36437401;0;16981783110;0;0;0321;017;20141230160003;20141230160003
35741290;0;1631142859;0;0;0125;100;20141230160003;20141230160003
36245018;0;1633976234;0;0;0125;100;20141230160003;20141230160003
36421722;0;1634618741;0;0;0125;100;20141230160003;20141230160003
36360182;0;1633318790;0;0;0125;100;20141230160003;20141230160003
36437533;0;1633116866;0;0;0125;100;20141230160003;20141230160003
36445626;0;15997829886;0;0;0321;017;20141230160003;20141230160003
36493944;0;1938212889;0;0;0115;011;20141230160004;20141230160004
36428132;0;2130327600;2;0;0162;913;20141230160004;20141230160004
36320920;1;1938217246;;;;;;20141230160004
36491962;0;1938217246;0;0;0115;011;20141230160004;20141230160004
36438762;0;1633973420;0;0;0125;100;20141230160003;20141230160003
35708339;0;1633379437;0;0;0125;100;20141230160003;20141230160003
36389060;0;1633372233;0;0;0125;100;20141230160003;20141230160003
21585975;1;1934026791;;;;;;20141230160004
36424851;0;1934026791;0;0;0125;100;20141230160004;20141230160004
36479745;0;2126013841;0;0;0131;021;20141230160004;20141230160004
36428285;0;16982056459;0;0;0321;017;20141230160004;20141230160004
36428111;0;16981847659;0;0;0321;017;20141230160004;20141230160004
10919402;1;1633393508;;;;;;20141230160003
36378945;0;1633393508;0;0;0125;100;20141230160003;20141230160003
36434739;0;18998039598;0;0;0321;017;20141230160004;20141230160004
36317170;1;1938211847;;;;;;20141230160004
36493946;0;1938211847;0;0;0115;011;20141230160004;20141230160004
36439167;0;17997710984;0;0;0321;017;20141230160004;20141230160004
36493941;0;1938217156;0;0;0115;011;20141230160004;20141230160004
36428141;0;2130327609;2;0;0162;913;20141230160004;20141230160004
36493932;0;1938212939;0;0;0115;011;20141230160004;20141230160004
36428136;0;2130327604;2;0;0162;913;20141230160004;20141230160004
36305211;1;1938217195;;;;;;20141230160004
36491970;0;1938217195;0;0;0115;011;20141230160004;20141230160004
36443926;0;16999674119;0;0;0321;017;20141230160004;20141230160004
36428147;0;2130327615;2;0;0162;913;20141230160004;20141230160004
36491985;0;1938211665;0;0;0115;011;20141230160004;20141230160004
36480163;0;2126321122;0;0;0131;021;20141230160004;20141230160004
36491974;0;1938211881;0;0;0115;011;20141230160004;20141230160004
36479747;0;2126032784;0;0;0131;021;20141230160004;20141230160004
34925740;1;17991363815;;;;;;20141230160006
36493891;0;1938211302;0;0;0115;011;20141230160004;20141230160004
36320924;1;1938211054;;;;;;20141230160004
36491967;0;1938211054;0;0;0115;011;20141230160004;20141230160004
22390289;1;19993315151;;;;;;20141230160006
36493888;0;1938211183;0;0;0115;011;20141230160004;20141230160004
34309035;1;18991436157;;;;;;20141230160006
36489431;0;1938211454;0;0;0115;011;20141230160004;20141230160004
36489454;0;1938212493;0;0;0115;011;20141230160004;20141230160004
36491980;0;1938211953;0;0;0115;011;20141230160004;20141230160004
36434887;0;17981967475;0;0;0321;017;20141230160004;20141230160004
34925664;1;17991365719;;;;;;20141230160007
36406653;0;19997248658;0;0;0321;017;20141230160004;20141230160004
24148191;1;19992530058;;;;;;20141230160007
36399038;1;1938217109;;;;;;20141230160004
36493879;0;1938217109;0;0;0115;011;20141230160004;20141230160004
25510871;1;19991254141;;;;;;20141230160007
36428144;0;2130327612;2;0;0162;913;20141230160004;20141230160004
36428143;0;2130327611;2;0;0162;913;20141230160004;20141230160004
36479744;0;2126013764;0;0;0131;021;20141230160004;20141230160004
36428171;0;2130327639;2;0;0162;913;20141230160005;20141230160005
36428148;0;2130327616;2;0;0162;913;20141230160004;20141230160004
36428151;0;2130327619;2;0;0162;913;20141230160005;20141230160005
36428150;0;2130327618;2;0;0162;913;20141230160004;20141230160004
36428177;0;2130327645;2;0;0162;913;20141230160005;20141230160005
36428162;0;2130327630;2;0;0162;913;20141230160005;20141230160005
36428153;0;2130327621;2;0;0162;913;20141230160005;20141230160005
36428149;0;2130327617;2;0;0162;913;20141230160004;20141230160004
36428164;0;2130327632;2;0;0162;913;20141230160005;20141230160005
36428142;0;2130327610;2;0;0162;913;20141230160004;20141230160004
36428146;0;2130327614;2;0;0162;913;20141230160004;20141230160004
36428152;0;2130327620;2;0;0162;913;20141230160005;20141230160005
36428208;0;2130327676;2;0;0162;913;20141230160006;20141230160006
36493884;0;1938217408;0;0;0115;011;20141230160004;20141230160004
36428145;0;2130327613;2;0;0162;913;20141230160004;20141230160004
36479906;0;2127979987;0;0;0131;021;20141230160004;20141230160004
36428170;0;2130327638;2;0;0162;913;20141230160005;20141230160005
36428176;0;2130327644;2;0;0162;913;20141230160005;20141230160005
36428175;0;2130327643;2;0;0162;913;20141230160005;20141230160005
36428186;0;2130327654;2;0;0162;913;20141230160005;20141230160005
32316616;1;2126352250;;;;;;20141230160004
36479746;0;2126352250;0;0;0131;021;20141230160004;20141230160004
36428173;0;2130327641;2;0;0162;913;20141230160005;20141230160005
36428174;0;2130327642;2;0;0162;913;20141230160005;20141230160005
36478803;0;2127569519;0;0;0131;021;20141230160004;20141230160004
36428181;0;2130327649;2;0;0162;913;20141230160005;20141230160005
36428179;0;2130327647;2;0;0162;913;20141230160005;20141230160005
36428180;0;2130327648;2;0;0162;913;20141230160005;20141230160005
36428172;0;2130327640;2;0;0162;913;20141230160005;20141230160005
13977745;1;2126340266;;;;;;20141230160004
36478867;0;2126340266;0;0;0131;021;20141230160004;20141230160004
36428163;0;2130327631;2;0;0162;913;20141230160005;20141230160005
36428137;0;2130327605;2;0;0162;913;20141230160004;20141230160004
36428154;0;2130327622;2;0;0162;913;20141230160005;20141230160005
36428159;0;2130327627;2;0;0162;913;20141230160005;20141230160005
36428135;0;2130327603;2;0;0162;913;20141230160004;20141230160004
36428160;0;2130327628;2;0;0162;913;20141230160005;20141230160005
36428158;0;2130327626;2;0;0162;913;20141230160005;20141230160005
36428155;0;2130327623;2;0;0162;913;20141230160005;20141230160005
36428133;0;2130327601;2;0;0162;913;20141230160004;20141230160004
36428178;0;2130327646;2;0;0162;913;20141230160005;20141230160005
30446776;1;19991526985;;;;;;20141230160008
36428139;0;2130327607;2;0;0162;913;20141230160004;20141230160004
36428140;0;2130327608;2;0;0162;913;20141230160004;20141230160004
23261744;1;19992480422;;;;;;20141230160008
36493954;0;1938217896;0;0;0115;011;20141230160004;20141230160004
36432788;0;19988841234;0;0;0321;017;20141230160004;20141230160004
36428134;0;2130327602;2;0;0162;913;20141230160004;20141230160004
36493881;0;1938217986;0;0;0115;011;20141230160004;20141230160004
36428138;0;2130327606;2;0;0162;913;20141230160004;20141230160004
36440488;0;19983428032;0;0;0321;017;20141230160004;20141230160004
36443041;0;19982364953;0;0;0321;017;20141230160004;20141230160004
36428156;0;2130327624;2;0;0162;913;20141230160005;20141230160005
36428204;0;2130327672;2;0;0162;913;20141230160006;20141230160006
36428226;0;2130327694;2;0;0162;913;20141230160006;20141230160006
36428224;0;2130327692;2;0;0162;913;20141230160006;20141230160006
36428209;0;2130327677;2;0;0162;913;20141230160006;20141230160006
36428227;0;2130327695;2;0;0162;913;20141230160006;20141230160006
36428220;0;2130327688;2;0;0162;913;20141230160006;20141230160006
36428231;0;2130327699;2;0;0162;913;20141230160006;20141230160006
36428225;0;2130327693;2;0;0162;913;20141230160006;20141230160006
36428230;0;2130327698;2;0;0162;913;20141230160006;20141230160006
36428240;0;2130327708;2;0;0162;913;20141230160006;20141230160006
36428157;0;2130327625;2;0;0162;913;20141230160005;20141230160005
36428169;0;2130327637;2;0;0162;913;20141230160005;20141230160005
36428194;0;2130327662;2;0;0162;913;20141230160005;20141230160005
36428190;0;2130327658;2;0;0162;913;20141230160005;20141230160005
36428192;0;2130327660;2;0;0162;913;20141230160005;20141230160005
36428165;0;2130327633;2;0;0162;913;20141230160005;20141230160005
36428237;0;2130327705;2;0;0162;913;20141230160006;20141230160006
36428168;0;2130327636;2;0;0162;913;20141230160005;20141230160005
36428239;0;2130327707;2;0;0162;913;20141230160006;20141230160006
36428161;0;2130327629;2;0;0162;913;20141230160005;20141230160005
36428167;0;2130327635;2;0;0162;913;20141230160005;20141230160005
36428188;0;2130327656;2;0;0162;913;20141230160005;20141230160005
36428166;0;2130327634;2;0;0162;913;20141230160005;20141230160005
36428184;0;2130327652;2;0;0162;913;20141230160005;20141230160005
36428189;0;2130327657;2;0;0162;913;20141230160005;20141230160005
36428221;0;2130327689;2;0;0162;913;20141230160006;20141230160006
36428222;0;2130327690;2;0;0162;913;20141230160006;20141230160006
36428223;0;2130327691;2;0;0162;913;20141230160006;20141230160006
36428182;0;2130327650;2;0;0162;913;20141230160005;20141230160005
36428199;0;2130327667;2;0;0162;913;20141230160005;20141230160005
36428196;0;2130327664;2;0;0162;913;20141230160005;20141230160005
36428187;0;2130327655;2;0;0162;913;20141230160005;20141230160005
36428193;0;2130327661;2;0;0162;913;20141230160005;20141230160005
36428228;0;2130327696;2;0;0162;913;20141230160006;20141230160006
36428206;0;2130327674;2;0;0162;913;20141230160006;20141230160006
36428207;0;2130327675;2;0;0162;913;20141230160006;20141230160006
36428191;0;2130327659;2;0;0162;913;20141230160005;20141230160005
36428185;0;2130327653;2;0;0162;913;20141230160005;20141230160005
36428183;0;2130327651;2;0;0162;913;20141230160005;20141230160005
36428214;0;2130327682;2;0;0162;913;20141230160006;20141230160006
36428219;0;2130327687;2;0;0162;913;20141230160006;20141230160006
36428211;0;2130327679;2;0;0162;913;20141230160006;20141230160006
36428218;0;2130327686;2;0;0162;913;20141230160006;20141230160006
36428217;0;2130327685;2;0;0162;913;20141230160006;20141230160006
36428238;0;2130327706;2;0;0162;913;20141230160006;20141230160006
36428229;0;2130327697;2;0;0162;913;20141230160006;20141230160006
36428215;0;2130327683;2;0;0162;913;20141230160006;20141230160006
36428212;0;2130327680;2;0;0162;913;20141230160006;20141230160006
36428213;0;2130327681;2;0;0162;913;20141230160006;20141230160006
36428210;0;2130327678;2;0;0162;913;20141230160006;20141230160006
36428216;0;2130327684;2;0;0162;913;20141230160006;20141230160006
36428195;0;2130327663;2;0;0162;913;20141230160005;20141230160005
36428233;0;2130327701;2;0;0162;913;20141230160006;20141230160006
36428197;0;2130327665;2;0;0162;913;20141230160005;20141230160005
36428253;0;2130327721;2;0;0162;913;20141230160007;20141230160007
36428232;0;2130327700;2;0;0162;913;20141230160006;20141230160006
36428234;0;2130327702;2;0;0162;913;20141230160006;20141230160006
36428236;0;2130327704;2;0;0162;913;20141230160006;20141230160006
36428235;0;2130327703;2;0;0162;913;20141230160006;20141230160006
36428205;0;2130327673;2;0;0162;913;20141230160006;20141230160006
36428198;0;2130327666;2;0;0162;913;20141230160005;20141230160005
36428201;0;2130327669;2;0;0162;913;20141230160005;20141230160005
36428203;0;2130327671;2;0;0162;913;20141230160005;20141230160005
36428202;0;2130327670;2;0;0162;913;20141230160005;20141230160005
36428200;0;2130327668;2;0;0162;913;20141230160005;20141230160005
36428247;0;2130327715;2;0;0162;913;20141230160007;20141230160007
36428241;0;2130327709;2;0;0162;913;20141230160006;20141230160006
36433600;0;2134319512;2;0;0121;221;20141230160007;20141230160007
36428251;0;2130327719;2;0;0162;913;20141230160007;20141230160007
36428252;0;2130327720;2;0;0162;913;20141230160007;20141230160007
36428250;0;2130327718;2;0;0162;913;20141230160007;20141230160007
36428256;0;2130327724;2;0;0162;913;20141230160007;20141230160007
36428258;0;2130327726;2;0;0162;913;20141230160007;20141230160007
36428242;0;2130327710;2;0;0162;913;20141230160006;20141230160006
36428257;0;2130327725;2;0;0162;913;20141230160007;20141230160007
36428269;0;2130327737;2;0;0162;913;20141230160007;20141230160007
36428268;0;2130327736;2;0;0162;913;20141230160007;20141230160007
36428271;0;2130327739;2;0;0162;913;20141230160007;20141230160007
36428273;0;2130327741;2;0;0162;913;20141230160007;20141230160007
36428249;0;2130327717;2;0;0162;913;20141230160007;20141230160007
36428255;0;2130327723;2;0;0162;913;20141230160007;20141230160007
36428254;0;2130327722;2;0;0162;913;20141230160007;20141230160007
36433667;0;2134319521;2;0;0121;221;20141230160008;20141230160008
36428248;0;2130327716;2;0;0162;913;20141230160007;20141230160007
36428244;0;2130327712;2;0;0162;913;20141230160007;20141230160007
36428243;0;2130327711;2;0;0162;913;20141230160007;20141230160007
36428246;0;2130327714;2;0;0162;913;20141230160007;20141230160007
36433693;0;2134319526;2;0;0121;221;20141230160008;20141230160008
36428245;0;2130327713;2;0;0162;913;20141230160007;20141230160007
36428272;0;2130327740;2;0;0162;913;20141230160007;20141230160007
36433681;0;2134319524;2;0;0121;221;20141230160008;20141230160008
36428270;0;2130327738;2;0;0162;913;20141230160007;20141230160007
36433642;0;2134319517;2;0;0121;221;20141230160008;20141230160008
36433658;0;2134319520;2;0;0121;221;20141230160008;20141230160008
36433633;0;2134319515;2;0;0121;221;20141230160008;20141230160008
36433621;0;2134319513;2;0;0121;221;20141230160007;20141230160007
36433671;0;2134319522;2;0;0121;221;20141230160008;20141230160008
36433576;0;2134319508;2;0;0121;221;20141230160007;20141230160007
36433556;0;2134319505;2;0;0121;221;20141230160007;20141230160007
36433572;0;2134319507;2;0;0121;221;20141230160007;20141230160007
36433587;0;2134319509;2;0;0121;221;20141230160007;20141230160007
36433553;0;2134319504;2;0;0121;221;20141230160007;20141230160007
36433655;0;2134319519;2;0;0121;221;20141230160008;20141230160008
36433546;0;2134319503;2;0;0121;221;20141230160007;20141230160007
36433541;0;2134319502;2;0;0121;221;20141230160007;20141230160007
36428280;0;2130327748;2;0;0162;913;20141230160007;20141230160007
36428262;0;2130327730;2;0;0162;913;20141230160007;20141230160007
36433732;0;2134319536;2;0;0121;221;20141230160008;20141230160008
36433529;0;2134319501;2;0;0121;221;20141230160007;20141230160007
36428275;0;2130327743;2;0;0162;913;20141230160007;20141230160007
36428278;0;2130327746;2;0;0162;913;20141230160007;20141230160007
36428274;0;2130327742;2;0;0162;913;20141230160007;20141230160007
36428276;0;2130327744;2;0;0162;913;20141230160007;20141230160007
36433591;0;2134319510;2;0;0121;221;20141230160007;20141230160007
36428277;0;2130327745;2;0;0162;913;20141230160007;20141230160007
36433673;0;2134319523;2;0;0121;221;20141230160008;20141230160008
36433715;0;2134319531;2;0;0121;221;20141230160008;20141230160008
36433688;0;2134319525;2;0;0121;221;20141230160008;20141230160008
36476454;0;2137731373;0;0;0131;021;20141230160008;20141230160008
36433748;0;2134319539;2;0;0121;221;20141230160008;20141230160008
36433707;0;2134319530;2;0;0121;221;20141230160008;20141230160008
36433729;0;2134319535;2;0;0121;221;20141230160008;20141230160008
36433596;0;2134319511;2;0;0121;221;20141230160007;20141230160007
36433737;0;2134319537;2;0;0121;221;20141230160008;20141230160008
36433744;0;2134319538;2;0;0121;221;20141230160008;20141230160008
36433525;0;2134319500;2;0;0121;221;20141230160007;20141230160007
36433718;0;2134319532;2;0;0121;221;20141230160008;20141230160008
36433721;0;2134319533;2;0;0121;221;20141230160008;20141230160008
36428267;0;2130327735;2;0;0162;913;20141230160007;20141230160007
36433560;0;2134319506;2;0;0121;221;20141230160007;20141230160007
36433724;0;2134319534;2;0;0121;221;20141230160008;20141230160008
36428279;0;2130327747;2;0;0162;913;20141230160007;20141230160007
36476788;0;2133142860;0;0;0131;021;20141230160007;20141230160007
29480206;1;2131023543;;;;;;20141230160007
36478802;0;2131023543;0;0;0131;021;20141230160007;20141230160007
36433704;0;2134319529;2;0;0121;221;20141230160008;20141230160008
36433700;0;2134319528;2;0;0121;221;20141230160008;20141230160008
36433627;0;2134319514;2;0;0121;221;20141230160008;20141230160008
36433649;0;2134319518;2;0;0121;221;20141230160008;20141230160008
36433638;0;2134319516;2;0;0121;221;20141230160008;20141230160008
36433694;0;2134319527;2;0;0121;221;20141230160008;20141230160008
36479743;0;2137146001;0;0;0131;021;20141230160008;20141230160008
36478351;0;2137082091;0;0;0131;021;20141230160008;20141230160008
36428261;0;2130327729;2;0;0162;913;20141230160007;20141230160007
36428259;0;2130327727;2;0;0162;913;20141230160007;20141230160007
36428266;0;2130327734;2;0;0162;913;20141230160007;20141230160007
31549973;1;2137770957;;;;;;20141230160008
36476789;0;2137770957;0;0;0131;021;20141230160008;20141230160008
36428260;0;2130327728;2;0;0162;913;20141230160007;20141230160007
36432781;0;2139738439;2;0;0121;221;20141230160009;20141230160009
36432753;0;2139738430;2;0;0121;221;20141230160009;20141230160009
36432766;0;2139738435;2;0;0121;221;20141230160009;20141230160009
36433753;0;2134319541;2;0;0121;221;20141230160008;20141230160008
36433788;0;2134319549;2;0;0121;221;20141230160008;20141230160008
36432740;0;2139738426;2;0;0121;221;20141230160009;20141230160009
36433774;0;2134319545;2;0;0121;221;20141230160008;20141230160008
36433758;0;2134319542;2;0;0121;221;20141230160008;20141230160008
36428265;0;2130327733;2;0;0162;913;20141230160007;20141230160007
36433778;0;2134319546;2;0;0121;221;20141230160008;20141230160008
36428263;0;2130327731;2;0;0162;913;20141230160007;20141230160007
36428264;0;2130327732;2;0;0162;913;20141230160007;20141230160007
36433766;0;2134319544;2;0;0121;221;20141230160008;20141230160008
36433749;0;2134319540;2;0;0121;221;20141230160008;20141230160008
36432723;0;2139738422;2;0;0121;221;20141230160009;20141230160009
36432763;0;2139738434;2;0;0121;221;20141230160009;20141230160009
36433760;0;2134319543;2;0;0121;221;20141230160008;20141230160008
36432761;0;2139738433;2;0;0121;221;20141230160009;20141230160009
36432716;0;2139738421;2;0;0121;221;20141230160009;20141230160009
36432775;0;2139738437;2;0;0121;221;20141230160009;20141230160009
36432773;0;2139738436;2;0;0121;221;20141230160009;20141230160009
2413529;1;2138520200;;;;;;20141230160008
36428281;0;2138520200;2;0;0162;913;20141230160008;20141230160008
36476600;0;2136596170;0;0;0131;021;20141230160008;20141230160008
36433782;0;2134319547;2;0;0121;221;20141230160008;20141230160008
36433786;0;2134319548;2;0;0121;221;20141230160008;20141230160008
36432622;0;2139738401;2;0;0121;221;20141230160008;20141230160008
36432649;0;2139738404;2;0;0121;221;20141230160008;20141230160008
36432656;0;2139738406;2;0;0121;221;20141230160008;20141230160008
36432630;0;2139738403;2;0;0121;221;20141230160008;20141230160008
36432662;0;2139738408;2;0;0121;221;20141230160008;20141230160008
36432786;0;2139738440;2;0;0121;221;20141230160009;20141230160009
36432671;0;2139738412;2;0;0121;221;20141230160008;20141230160008
36432701;0;2139738417;2;0;0121;221;20141230160009;20141230160009
36432717;0;2139738420;2;0;0121;221;20141230160009;20141230160009
36432695;0;2139738415;2;0;0121;221;20141230160009;20141230160009
36432700;0;2139738416;2;0;0121;221;20141230160009;20141230160009
36432726;0;2139738424;2;0;0121;221;20141230160009;20141230160009
36432706;0;2139738418;2;0;0121;221;20141230160009;20141230160009
36432711;0;2139738419;2;0;0121;221;20141230160009;20141230160009
36391926;0;21983316030;0;0;0321;018;20141230160010;20141230160010
36437412;0;21983510303;0;0;0321;018;20141230160010;20141230160010
36432798;0;2139738445;2;0;0121;221;20141230160010;20141230160010
36444880;0;21964475943;0;0;0321;018;20141230160010;20141230160010
36432725;0;2139738423;2;0;0121;221;20141230160009;20141230160009
36432797;0;2139738446;2;0;0121;221;20141230160010;20141230160010
36432806;0;2139738448;2;0;0121;221;20141230160010;20141230160010
36432736;0;2139738425;2;0;0121;221;20141230160009;20141230160009
36432742;0;2139738427;2;0;0121;221;20141230160009;20141230160009
36445960;0;21972276255;0;0;0321;018;20141230160010;20141230160010
36432629;0;2139738402;2;0;0121;221;20141230160008;20141230160008
36432694;0;2139738414;2;0;0121;221;20141230160009;20141230160009
1517445;1;21993370821;;;;;;20141230160012
36432621;0;2139738400;2;0;0121;221;20141230160008;20141230160008
36432789;0;2139738442;2;0;0121;221;20141230160010;20141230160010
36432787;0;2139738441;2;0;0121;221;20141230160009;20141230160009
36398532;0;21983058726;0;0;0321;018;20141230160010;20141230160010
36432757;0;2139738432;2;0;0121;221;20141230160009;20141230160009
36432748;0;2139738429;2;0;0121;221;20141230160009;20141230160009
36432777;0;2139738438;2;0;0121;221;20141230160009;20141230160009
36432756;0;2139738431;2;0;0121;221;20141230160009;20141230160009
36432745;0;2139738428;2;0;0121;221;20141230160009;20141230160009
36385205;0;21994232096;0;0;0341;421;20141230160010;20141230160010
36427198;0;21985440190;0;0;0321;018;20141230160010;20141230160010
36426771;0;21984128233;0;0;0321;018;20141230160010;20141230160010
36432650;0;2139738405;2;0;0121;221;20141230160008;20141230160008
36432657;0;2139738407;2;0;0121;221;20141230160008;20141230160008
36432666;0;2139738410;2;0;0121;221;20141230160008;20141230160008
18249122;1;3134357074;;;;;;20141230160011
36476294;0;3134357074;0;0;0131;031;20141230160011;20141230160011
36426956;0;3185172166;0;0;0321;430;20141230160011;20141230160011
13898732;1;2732455540;;;;;;20141230160011
35971868;0;2732455540;0;0;0121;227;20141230160011;20141230160011
36432790;0;2139738443;2;0;0121;221;20141230160010;20141230160010
36432663;0;2139738409;2;0;0121;221;20141230160008;20141230160008
36432794;0;2139738444;2;0;0121;221;20141230160010;20141230160010
36432689;0;2139738413;2;0;0121;221;20141230160008;20141230160008
36432667;0;2139738411;2;0;0121;221;20141230160008;20141230160008
31778516;1;21993703045;;;;;;20141230160013
36438638;0;21964505356;0;0;0321;018;20141230160010;20141230160010
26030562;1;21981736345;;;;;;20141230160010
36404155;0;21981736345;0;0;0321;018;20141230160010;20141230160010
36434150;0;21983858948;0;0;0321;018;20141230160010;20141230160010
36445411;0;21986473737;0;0;0321;018;20141230160010;20141230160010
36436798;0;3193715470;0;0;0321;430;20141230160011;20141230160011
29551780;1;21979303130;;;;;;20141230160010
36436617;0;21979303130;0;0;0321;018;20141230160010;20141230160010
36444158;0;21979510221;0;0;0321;018;20141230160010;20141230160010
36432802;0;2139738447;2;0;0121;221;20141230160010;20141230160010
36446808;0;21982725698;0;0;0321;018;20141230160010;20141230160010
36438229;0;21980103008;0;0;0321;018;20141230160010;20141230160010
36445029;0;21980790762;0;0;0321;018;20141230160010;20141230160010
36443754;0;21981860462;0;0;0321;018;20141230160010;20141230160010
36299416;0;21972125724;2;0;0321;018;20141230160010;20141230160010
23623177;1;21987016370;;;;;;20141230160010
36387400;0;21987016370;0;0;0321;018;20141230160010;20141230160010
36381177;0;3199532299;0;0;0321;430;20141230160011;20141230160011
36379924;0;3199954487;0;0;0321;430;20141230160011;20141230160011
36381178;0;3199533399;0;0;0321;430;20141230160011;20141230160011
36445943;0;3195810804;0;0;0321;430;20141230160011;20141230160011
4636286;1;3187615229;;;;;;20141230160011
36435487;0;3187615229;0;0;0321;430;20141230160011;20141230160011
36439569;0;3186017091;0;0;0321;430;20141230160011;20141230160011
36438992;0;3193438393;0;0;0321;430;20141230160011;20141230160011
36443715;0;3192656457;0;0;0321;430;20141230160011;20141230160011
36299417;0;21972126386;2;0;0321;018;20141230160010;20141230160010
36299414;0;21971912211;2;0;0321;018;20141230160010;20141230160010
36299413;0;21971912187;2;0;0321;018;20141230160010;20141230160010
36299412;0;21971912053;2;0;0321;018;20141230160010;20141230160010
36299415;0;21972087786;2;0;0321;018;20141230160010;20141230160010
36432810;0;2139738449;2;0;0121;221;20141230160010;20141230160010
36446748;0;3187000701;0;0;0321;430;20141230160011;20141230160011
36166609;0;3335295657;2;0;0121;232;20141230160011;20141230160011
36476464;0;3138222794;0;0;0131;031;20141230160011;20141230160011
36371367;0;3175099391;0;0;0321;430;20141230160011;20141230160011
12612330;1;21988292934;;;;;;20141230160010
36437616;0;21988292934;0;0;0321;018;20141230160010;20141230160010
36376344;0;3299200576;0;0;0321;430;20141230160011;20141230160011
36385210;0;21994651431;0;0;0341;421;20141230160010;20141230160010
36166596;0;3335295650;2;0;0121;232;20141230160011;20141230160011
36166597;0;3335295651;2;0;0121;232;20141230160011;20141230160011
32205099;1;24992528469;;;;;;20141230160013
36166602;0;3335295654;2;0;0121;232;20141230160011;20141230160011
36398494;0;3192155167;0;0;0321;430;20141230160011;20141230160011
36445508;0;3195512245;0;0;0321;430;20141230160011;20141230160011
36439332;0;3194357090;0;0;0321;430;20141230160011;20141230160011
36476957;0;3136248744;0;0;0131;031;20141230160011;20141230160011
36166598;0;3335295652;2;0;0121;232;20141230160011;20141230160011
36166605;0;3335295656;2;0;0121;232;20141230160011;20141230160011
36166604;0;3335295655;2;0;0121;232;20141230160011;20141230160011
36431650;0;3173441212;0;0;0321;430;20141230160011;20141230160011
36166614;0;3335295659;2;0;0121;232;20141230160011;20141230160011
1803095;1;21994914478;;;;;;20141230160014
36478484;0;3135982868;0;0;0131;031;20141230160011;20141230160011
36299422;0;21997896302;2;0;0321;018;20141230160011;20141230160011
36478103;0;3136224705;0;0;0131;031;20141230160011;20141230160011
36299419;0;21997078251;2;0;0321;018;20141230160011;20141230160011
36299418;0;21996449241;2;0;0321;018;20141230160011;20141230160011
1902413;1;21999617856;;;;;;20141230160011
36382218;0;21999617856;0;0;0321;018;20141230160011;20141230160011
36299421;0;21997896206;2;0;0321;018;20141230160011;20141230160011
36382574;0;21996994717;0;0;0321;018;20141230160011;20141230160011
36425361;0;21999229272;0;0;0321;018;20141230160011;20141230160011
36477437;0;3133860741;0;0;0131;031;20141230160011;20141230160011
36299420;0;21997896189;2;0;0321;018;20141230160011;20141230160011
36385213;0;22992017103;0;0;0341;421;20141230160011;20141230160011
36299423;0;21997896349;2;0;0321;018;20141230160011;20141230160011
36476462;0;3136396442;0;0;0131;031;20141230160011;20141230160011
36166649;0;3335295669;2;0;0121;232;20141230160012;20141230160012
36166641;0;3335295666;2;0;0121;232;20141230160012;20141230160012
36385214;0;22992017688;0;0;0341;421;20141230160011;20141230160011
36446932;0;24981098234;0;0;0321;018;20141230160011;20141230160011
23333871;1;22999282133;;;;;;20141230160011
36434693;0;22999282133;0;0;0351;824;20141230160011;20141230160011
36424274;0;24988060464;0;0;0321;018;20141230160011;20141230160011
36166623;0;3335295663;2;0;0121;232;20141230160011;20141230160011
36477542;0;2422350986;0;0;0131;021;20141230160011;20141230160011
36442869;0;27981784000;0;0;0321;019;20141230160011;20141230160011
36166610;0;3335295658;2;0;0121;232;20141230160011;20141230160011
36166618;0;3335295661;2;0;0121;232;20141230160011;20141230160011
36166625;0;3335295664;2;0;0121;232;20141230160012;20141230160012
36166626;0;3335295665;2;0;0121;232;20141230160012;20141230160012
36478862;0;3134733170;0;0;0131;031;20141230160011;20141230160011
36166659;0;3335295671;2;0;0121;232;20141230160012;20141230160012
36476814;0;3135359306;0;0;0131;031;20141230160011;20141230160011
36166640;0;3335295667;2;0;0121;232;20141230160012;20141230160012
36166622;0;3335295662;2;0;0121;232;20141230160011;20141230160011
36166615;0;3335295660;2;0;0121;232;20141230160011;20141230160011
36379115;0;27999368214;0;0;0321;019;20141230160011;20141230160011
36166601;0;3335295653;2;0;0121;232;20141230160011;20141230160011
36166648;0;3335295668;2;0;0121;232;20141230160012;20141230160012
36435796;0;22999390137;0;0;0321;018;20141230160011;20141230160011
36477099;0;3134517075;0;0;0131;031;20141230160011;20141230160011
36166653;0;3335295670;2;0;0121;232;20141230160012;20141230160012
36166681;0;3335295673;2;0;0121;232;20141230160012;20141230160012
36166674;0;3335295672;2;0;0121;232;20141230160012;20141230160012
36166686;0;3335295675;2;0;0121;232;20141230160012;20141230160012
36166696;0;3335295679;2;0;0121;232;20141230160012;20141230160012
36166694;0;3335295678;2;0;0121;232;20141230160012;20141230160012
36166699;0;3335295680;2;0;0121;232;20141230160012;20141230160012
36166683;0;3335295674;2;0;0121;232;20141230160012;20141230160012
36166709;0;3335295683;2;0;0121;232;20141230160012;20141230160012
36166724;0;3335295691;2;0;0121;232;20141230160012;20141230160012
36166689;0;3335295676;2;0;0121;232;20141230160012;20141230160012
36166692;0;3335295677;2;0;0121;232;20141230160012;20141230160012
36166703;0;3335295682;2;0;0121;232;20141230160012;20141230160012
36166718;0;3335295687;2;0;0121;232;20141230160012;20141230160012
36426349;0;3491056478;0;0;0321;430;20141230160012;20141230160012
36432762;0;3488683495;0;0;0321;430;20141230160012;20141230160012
36166700;0;3335295681;2;0;0121;232;20141230160012;20141230160012
36166789;0;3335295697;2;0;0121;232;20141230160012;20141230160012
36428542;0;3491982122;0;0;0321;430;20141230160012;20141230160012
36445434;0;3499858381;0;0;0321;430;20141230160013;20141230160013
36166795;0;3335295699;2;0;0121;232;20141230160012;20141230160012
36166736;0;3335295695;2;0;0121;232;20141230160012;20141230160012
36166730;0;3335295693;2;0;0121;232;20141230160012;20141230160012
36166734;0;3335295694;2;0;0121;232;20141230160012;20141230160012
36446954;0;3488359108;0;0;0312;034;20141230160012;20141230160012
36166738;0;3335295696;2;0;0121;232;20141230160012;20141230160012
36166794;0;3335295698;2;0;0121;232;20141230160012;20141230160012
36446913;0;3391501361;0;0;0321;430;20141230160012;20141230160012
36166711;0;3335295684;2;0;0121;232;20141230160012;20141230160012
36443126;0;3498932234;0;0;0321;430;20141230160013;20141230160013
36422263;0;3491852049;0;0;0321;430;20141230160012;20141230160012
36435464;0;3492449267;0;0;0321;430;20141230160013;20141230160013
6310866;1;3499780876;;;;;;20141230160013
36400834;0;3499780876;0;0;0321;430;20141230160013;20141230160013
623453;1;3499989088;;;;;;20141230160015
36446225;0;3499851029;0;0;0321;430;20141230160013;20141230160013
13320184;1;4135236692;;;;;;20141230160014
36424371;0;4135236692;2;0;0121;241;20141230160014;20141230160014
36166712;0;3335295686;2;0;0121;232;20141230160012;20141230160012
36166727;0;3335295692;2;0;0121;232;20141230160012;20141230160012
36166713;0;3335295685;2;0;0121;232;20141230160012;20141230160012
3439336;1;4132037003;;;;;;20141230160013
36410144;0;4132037003;0;0;0143;541;20141230160013;20141230160013
36440684;0;3591765467;0;0;0321;430;20141230160013;20141230160013
13320146;1;4135236654;;;;;;20141230160013
36424120;0;4135236654;2;0;0121;241;20141230160013;20141230160013
36411367;0;4131542583;0;0;0143;541;20141230160013;20141230160013
13320142;1;4135236650;;;;;;20141230160013
36424112;0;4135236650;2;0;0121;241;20141230160013;20141230160013
19466098;1;3588537634;;;;;;20141230160013
36389941;0;3588537634;0;0;0321;430;20141230160013;20141230160013
13320148;1;4135236656;;;;;;20141230160013
36424123;0;4135236656;2;0;0121;241;20141230160013;20141230160013
13320145;1;4135236653;;;;;;20141230160013
36424118;0;4135236653;2;0;0121;241;20141230160013;20141230160013
13320163;1;4135236671;;;;;;20141230160013
36424267;0;4135236671;2;0;0121;241;20141230160013;20141230160013
36426677;0;3597414481;0;0;0321;430;20141230160013;20141230160013
13320169;1;4135236677;;;;;;20141230160013
36424290;0;4135236677;2;0;0121;241;20141230160013;20141230160013
13320174;1;4135236682;;;;;;20141230160013
36424312;0;4135236682;2;0;0121;241;20141230160013;20141230160013
36431081;0;3499412135;0;0;0321;430;20141230160013;20141230160013
36432201;0;3588281104;0;0;0321;430;20141230160013;20141230160013
36166717;0;3335295688;2;0;0121;232;20141230160012;20141230160012
36166726;0;3335295690;2;0;0121;232;20141230160012;20141230160012
36166721;0;3335295689;2;0;0121;232;20141230160012;20141230160012
13320170;1;4135236678;;;;;;20141230160013
36424291;0;4135236678;2;0;0121;241;20141230160013;20141230160013
13320172;1;4135236680;;;;;;20141230160013
36424305;0;4135236680;2;0;0121;241;20141230160013;20141230160013
13320151;1;4135236659;;;;;;20141230160013
36424132;0;4135236659;2;0;0121;241;20141230160013;20141230160013
13320173;1;4135236681;;;;;;20141230160013
36424310;0;4135236681;2;0;0121;241;20141230160013;20141230160013
13320143;1;4135236651;;;;;;20141230160013
36424113;0;4135236651;2;0;0121;241;20141230160013;20141230160013
36382667;0;3799223063;0;0;0321;430;20141230160013;20141230160013
36406094;0;4133965853;0;0;0125;141;20141230160013;20141230160013
13320159;1;4135236667;;;;;;20141230160013
36424158;0;4135236667;2;0;0121;241;20141230160013;20141230160013
36430673;0;4333344668;0;0;0125;142;20141230160014;20141230160014
13320191;1;4135236699;;;;;;20141230160014
36424394;0;4135236699;2;0;0121;241;20141230160014;20141230160014
13320167;1;4135236675;;;;;;20141230160013
36424285;0;4135236675;2;0;0121;241;20141230160013;20141230160013
13320160;1;4135236668;;;;;;20141230160013
36424160;0;4135236668;2;0;0121;241;20141230160013;20141230160013
13320154;1;4135236662;;;;;;20141230160013
36424140;0;4135236662;2;0;0121;241;20141230160013;20141230160013
13320144;1;4135236652;;;;;;20141230160013
36424116;0;4135236652;2;0;0121;241;20141230160013;20141230160013
13320162;1;4135236670;;;;;;20141230160013
36424164;0;4135236670;2;0;0121;241;20141230160013;20141230160013
13614334;1;4833110426;;;;;;20141230160015
36425795;0;4833110426;2;0;0121;247;20141230160015;20141230160015
13320147;1;4135236655;;;;;;20141230160013
36424122;0;4135236655;2;0;0121;241;20141230160013;20141230160013
13320161;1;4135236669;;;;;;20141230160013
36424163;0;4135236669;2;0;0121;241;20141230160013;20141230160013
13320171;1;4135236679;;;;;;20141230160013
36424300;0;4135236679;2;0;0121;241;20141230160013;20141230160013
36294873;1;4734221233;;;;;;20141230160016
36422438;0;4734637511;0;0;0125;147;20141230160014;20141230160014
13320175;1;4135236683;;;;;;20141230160013
36424315;0;4135236683;2;0;0121;241;20141230160013;20141230160013
13320165;1;4135236673;;;;;;20141230160013
36424280;0;4135236673;2;0;0121;241;20141230160013;20141230160013
13320166;1;4135236674;;;;;;20141230160013
36424282;0;4135236674;2;0;0121;241;20141230160013;20141230160013
13614354;1;4833110446;;;;;;20141230160015
36425938;0;4833110446;2;0;0121;247;20141230160015;20141230160015
36431887;0;4192312813;0;0;0321;441;20141230160014;20141230160014
36443746;0;4291619494;0;0;0321;441;20141230160014;20141230160014
13320156;1;4135236664;;;;;;20141230160013
36424149;0;4135236664;2;0;0121;241;20141230160013;20141230160013
13320155;1;4135236663;;;;;;20141230160013
36424144;0;4135236663;2;0;0121;241;20141230160013;20141230160013
13320150;1;4135236658;;;;;;20141230160013
36424129;0;4135236658;2;0;0121;241;20141230160013;20141230160013
13320164;1;4135236672;;;;;;20141230160013
36424272;0;4135236672;2;0;0121;241;20141230160013;20141230160013
13320168;1;4135236676;;;;;;20141230160013
36424286;0;4135236676;2;0;0121;241;20141230160013;20141230160013
36441796;0;4733326427;0;0;0114;047;20141230160014;20141230160014
13614331;1;4833110423;;;;;;20141230160015
36425775;0;4833110423;2;0;0121;247;20141230160015;20141230160015
13320157;1;4135236665;;;;;;20141230160013
36424153;0;4135236665;2;0;0121;241;20141230160013;20141230160013
13320149;1;4135236657;;;;;;20141230160013
36424128;0;4135236657;2;0;0121;241;20141230160013;20141230160013
20260647;1;4430317277;;;;;;20141230160014
36381107;0;4430317277;0;0;0125;141;20141230160014;20141230160014
13320185;1;4135236693;;;;;;20141230160014
36424374;0;4135236693;2;0;0121;241;20141230160014;20141230160014
13320158;1;4135236666;;;;;;20141230160013
36424154;0;4135236666;2;0;0121;241;20141230160013;20141230160013
13320186;1;4135236694;;;;;;20141230160014
36424378;0;4135236694;2;0;0121;241;20141230160014;20141230160014
36441988;0;4299786852;0;0;0321;441;20141230160014;20141230160014
27462738;1;4733650643;;;;;;20141230160017
32399759;1;4733675897;;;;;;20141230160017
13614313;1;4833110405;;;;;;20141230160014
36425608;0;4833110405;2;0;0121;247;20141230160014;20141230160014
13320176;1;4135236684;;;;;;20141230160013
36424343;0;4135236684;2;0;0121;241;20141230160013;20141230160013
13320177;1;4135236685;;;;;;20141230160013
36424351;0;4135236685;2;0;0121;241;20141230160013;20141230160013
13320153;1;4135236661;;;;;;20141230160013
36424138;0;4135236661;2;0;0121;241;20141230160013;20141230160013
13320187;1;4135236695;;;;;;20141230160014
36424380;0;4135236695;2;0;0121;241;20141230160014;20141230160014
13320182;1;4135236690;;;;;;20141230160013
36424363;0;4135236690;2;0;0121;241;20141230160013;20141230160013
13320178;1;4135236686;;;;;;20141230160013
36424355;0;4135236686;2;0;0121;241;20141230160013;20141230160013
13320180;1;4135236688;;;;;;20141230160013
36424358;0;4135236688;2;0;0121;241;20141230160013;20141230160013
13320152;1;4135236660;;;;;;20141230160013
36424136;0;4135236660;2;0;0121;241;20141230160013;20141230160013
13614317;1;4833110409;;;;;;20141230160014
36425624;0;4833110409;2;0;0121;247;20141230160014;20141230160014
13614326;1;4833110418;;;;;;20141230160015
36425693;0;4833110418;2;0;0121;247;20141230160015;20141230160015
13614328;1;4833110420;;;;;;20141230160015
36425760;0;4833110420;2;0;0121;247;20141230160015;20141230160015
13614329;1;4833110421;;;;;;20141230160015
36425768;0;4833110421;2;0;0121;247;20141230160015;20141230160015
13614327;1;4833110419;;;;;;20141230160015
36425748;0;4833110419;2;0;0121;247;20141230160015;20141230160015
13320181;1;4135236689;;;;;;20141230160013
36424361;0;4135236689;2;0;0121;241;20141230160013;20141230160013
13320183;1;4135236691;;;;;;20141230160013
36424365;0;4135236691;2;0;0121;241;20141230160013;20141230160013
13614353;1;4833110445;;;;;;20141230160015
36425934;0;4833110445;2;0;0121;247;20141230160015;20141230160015
13614324;1;4833110416;;;;;;20141230160014
36425655;0;4833110416;2;0;0121;247;20141230160014;20141230160014
13320179;1;4135236687;;;;;;20141230160013
36424356;0;4135236687;2;0;0121;241;20141230160013;20141230160013
13614323;1;4833110415;;;;;;20141230160014
36425650;0;4833110415;2;0;0121;247;20141230160014;20141230160014
13614325;1;4833110417;;;;;;20141230160014
36425667;0;4833110417;2;0;0121;247;20141230160014;20141230160014
13614339;1;4833110431;;;;;;20141230160015
36425875;0;4833110431;2;0;0121;247;20141230160015;20141230160015
13614336;1;4833110428;;;;;;20141230160015
36425849;0;4833110428;2;0;0121;247;20141230160015;20141230160015
13614347;1;4833110439;;;;;;20141230160015
36425909;0;4833110439;2;0;0121;247;20141230160015;20141230160015
13614346;1;4833110438;;;;;;20141230160015
36425904;0;4833110438;2;0;0121;247;20141230160015;20141230160015
13614340;1;4833110432;;;;;;20141230160015
36425880;0;4833110432;2;0;0121;247;20141230160015;20141230160015
13614341;1;4833110433;;;;;;20141230160015
36425883;0;4833110433;2;0;0121;247;20141230160015;20141230160015
13614338;1;4833110430;;;;;;20141230160015
36425871;0;4833110430;2;0;0121;247;20141230160015;20141230160015
13614335;1;4833110427;;;;;;20141230160015
36425824;0;4833110427;2;0;0121;247;20141230160015;20141230160015
13614337;1;4833110429;;;;;;20141230160015
36425863;0;4833110429;2;0;0121;247;20141230160015;20141230160015
13614333;1;4833110425;;;;;;20141230160015
36425780;0;4833110425;2;0;0121;247;20141230160015;20141230160015
13614355;1;4833110447;;;;;;20141230160015
36425940;0;4833110447;2;0;0121;247;20141230160015;20141230160015
13614348;1;4833110440;;;;;;20141230160015
36425914;0;4833110440;2;0;0121;247;20141230160015;20141230160015
13614343;1;4833110435;;;;;;20141230160015
36425890;0;4833110435;2;0;0121;247;20141230160015;20141230160015
13614342;1;4833110434;;;;;;20141230160015
36425887;0;4833110434;2;0;0121;247;20141230160015;20141230160015
13614350;1;4833110442;;;;;;20141230160015
36425918;0;4833110442;2;0;0121;247;20141230160015;20141230160015
36442242;0;4884510777;0;0;0321;447;20141230160015;20141230160015
36446431;0;6198220469;0;0;0321;063;20141230160017;20141230160017
13614349;1;4833110441;;;;;;20141230160015
36425915;0;4833110441;2;0;0121;247;20141230160015;20141230160015
36377177;0;4199217374;0;0;0321;441;20141230160014;20141230160014
36442859;0;4799785801;0;0;0321;447;20141230160014;20141230160014
36356021;0;4792806918;0;0;0321;447;20141230160014;20141230160014
13614332;1;4833110424;;;;;;20141230160015
36425777;0;4833110424;2;0;0121;247;20141230160015;20141230160015
13614356;1;4833110448;;;;;;20141230160015
36425943;0;4833110448;2;0;0121;247;20141230160015;20141230160015
13614357;1;4833110449;;;;;;20141230160015
36425949;0;4833110449;2;0;0121;247;20141230160015;20141230160015
13614352;1;4833110444;;;;;;20141230160015
36425927;0;4833110444;2;0;0121;247;20141230160015;20141230160015
36443897;0;4791456338;0;0;0321;447;20141230160014;20141230160014
13614330;1;4833110422;;;;;;20141230160015
36425771;0;4833110422;2;0;0121;247;20141230160015;20141230160015
13614351;1;4833110443;;;;;;20141230160015
36425923;0;4833110443;2;0;0121;247;20141230160015;20141230160015
13614345;1;4833110437;;;;;;20141230160015
36425901;0;4833110437;2;0;0121;247;20141230160015;20141230160015
13614344;1;4833110436;;;;;;20141230160015
36425897;0;4833110436;2;0;0121;247;20141230160015;20141230160015
36441919;0;4896243800;0;0;0321;447;20141230160016;20141230160016
13320189;1;4135236697;;;;;;20141230160014
36424388;0;4135236697;2;0;0121;241;20141230160014;20141230160014
13320190;1;4135236698;;;;;;20141230160014
36424390;0;4135236698;2;0;0121;241;20141230160014;20141230160014
36433812;0;4192097435;0;0;0321;441;20141230160014;20141230160014
18940644;1;4188066703;;;;;;20141230160018
36430327;0;4797672007;0;0;0321;447;20141230160014;20141230160014
13320188;1;4135236696;;;;;;20141230160014
36424386;0;4135236696;2;0;0121;241;20141230160014;20141230160014
36426973;0;4195524158;0;0;0321;441;20141230160014;20141230160014
36423386;0;4199358268;0;0;0321;441;20141230160014;20141230160014
18952028;1;4188552382;;;;;;20141230160018
36446422;0;4191980614;0;0;0321;441;20141230160014;20141230160014
31841590;1;4188630405;;;;;;20141230160018
36400627;0;4796149820;0;0;0321;447;20141230160014;20141230160014
13614312;1;4833110404;;;;;;20141230160014
36425604;0;4833110404;2;0;0121;247;20141230160014;20141230160014
13614309;1;4833110401;;;;;;20141230160014
36425588;0;4833110401;2;0;0121;247;20141230160014;20141230160014
13614314;1;4833110406;;;;;;20141230160014
36425613;0;4833110406;2;0;0121;247;20141230160014;20141230160014
36443025;0;4796781909;0;0;0321;447;20141230160014;20141230160014
36442755;0;4735227750;0;0;0105;917;20141230160014;20141230160014
13614310;1;4833110402;;;;;;20141230160014
36425591;0;4833110402;2;0;0121;247;20141230160014;20141230160014
13614318;1;4833110410;;;;;;20141230160014
36425629;0;4833110410;2;0;0121;247;20141230160014;20141230160014
13614320;1;4833110412;;;;;;20141230160014
36425638;0;4833110412;2;0;0121;247;20141230160014;20141230160014
36160478;0;5133255556;2;0;0125;151;20141230160016;20141230160016
36377159;0;4198971506;0;0;0321;441;20141230160014;20141230160014
36400879;0;4196433995;0;0;0321;441;20141230160014;20141230160014
13614311;1;4833110403;;;;;;20141230160014
36425597;0;4833110403;2;0;0121;247;20141230160014;20141230160014
13614315;1;4833110407;;;;;;20141230160014
36425619;0;4833110407;2;0;0121;247;20141230160014;20141230160014
36373269;0;4195741335;0;0;0321;441;20141230160014;20141230160014
13614319;1;4833110411;;;;;;20141230160014
36425632;0;4833110411;2;0;0121;247;20141230160014;20141230160014
13614308;1;4833110400;;;;;;20141230160014
36425583;0;4833110400;2;0;0121;247;20141230160014;20141230160014
36437217;0;4191118500;0;0;0321;441;20141230160014;20141230160014
13614316;1;4833110408;;;;;;20141230160014
36425622;0;4833110408;2;0;0121;247;20141230160014;20141230160014
21492258;1;4236225948;;;;;;20141230160014
36421055;0;4236225948;0;0;0125;141;20141230160014;20141230160014
13614322;1;4833110414;;;;;;20141230160014
36425647;0;4833110414;2;0;0121;247;20141230160014;20141230160014
13614321;1;4833110413;;;;;;20141230160014
36425643;0;4833110413;2;0;0121;247;20141230160014;20141230160014
36160479;0;5133422261;2;0;0125;151;20141230160016;20141230160016
29800772;1;6193018595;;;;;;20141230160018
36396954;0;6184431152;0;0;0321;063;20141230160017;20141230160017
36398614;0;6184363378;0;0;0321;063;20141230160017;20141230160017
36390173;0;4899488522;0;0;0321;447;20141230160016;20141230160016
36437599;0;4991564232;0;0;0321;447;20141230160016;20141230160016
29333109;1;4899716121;;;;;;20141230160016
36397751;0;4899716121;0;0;0321;447;20141230160016;20141230160016
28983526;1;4896296881;;;;;;20141230160016
33996267;1;5132416596;;;;;;20141230160019
36373712;0;4896296881;0;0;0321;447;20141230160016;20141230160016
35359155;1;6191776265;;;;;;20141230160019
36347108;0;6196670401;0;0;0321;063;20141230160017;20141230160017
36389689;0;6181128928;0;0;0321;063;20141230160017;20141230160017
36435490;0;5499260789;0;0;0321;006;20141230160016;20141230160016
36160480;0;5133423900;2;0;0125;151;20141230160016;20141230160016
36438028;0;5499858551;0;0;0321;006;20141230160016;20141230160016
31150907;1;6133824837;;;;;;20141230160019
36446452;0;5199291129;0;0;0321;006;20141230160016;20141230160016
36440157;0;6132220657;0;0;0114;061;20141230160016;20141230160016
36394341;0;6181694598;0;0;0321;063;20141230160017;20141230160017
36314448;0;5134977066;0;0;0125;151;20141230160016;20141230160016
28133258;1;6181430366;;;;;;20141230160017
36444303;0;6181430366;0;0;0321;063;20141230160017;20141230160017
22662869;1;6181803452;;;;;;20141230160017
36395399;0;6181803452;0;0;0321;063;20141230160017;20141230160017
36441829;0;6181209308;0;0;0321;063;20141230160017;20141230160017
36437598;0;6496249059;0;0;0321;077;20141230160017;20141230160017
36443564;0;5134162308;0;0;0114;051;20141230160016;20141230160016
36446010;0;6696105042;0;0;0321;057;20141230160017;20141230160017
36370743;0;5196510431;0;0;0321;006;20141230160016;20141230160016
36377792;0;5399757151;0;0;0321;006;20141230160016;20141230160016
36446242;0;5185586153;0;0;0321;006;20141230160016;20141230160016
36438767;0;5496646369;0;0;0321;006;20141230160016;20141230160016
18536244;1;5134437133;;;;;;20141230160019
36445460;0;5496418660;0;0;0321;006;20141230160016;20141230160016
36446311;0;5481299323;0;0;0321;006;20141230160016;20141230160016
36393318;0;5399787287;0;0;0321;006;20141230160016;20141230160016
36386497;0;5597082060;0;0;0321;006;20141230160016;20141230160016
36427697;0;5499996656;0;0;0321;006;20141230160016;20141230160016
36426319;0;5197750078;0;0;0321;006;20141230160016;20141230160016
2621707;1;6181368477;;;;;;20141230160017
36440486;0;6181368477;0;0;0321;063;20141230160017;20141230160017
36186287;1;6181619806;;;;;;20141230160017
36377587;0;6181619806;0;0;0321;063;20141230160017;20141230160017
35455845;1;6181115280;;;;;;20141230160017
36436895;0;6181115280;0;0;0321;063;20141230160017;20141230160017
33258572;1;6136201337;;;;;;20141230160019
18385946;1;6133914347;;;;;;20141230160019
18908288;1;6232780838;;;;;;20141230160019
36480168;0;8000313787;1;0;0131;021;20141230160018;20141230160018
36446432;0;6199245807;0;0;0321;063;20141230160017;20141230160017
36346535;0;5185500876;0;0;0321;006;20141230160016;20141230160016
36430683;0;7133261613;0;0;0125;387;20141230160018;20141230160018
36441788;0;6234345633;0;0;0114;062;20141230160017;20141230160017
12870766;1;6484022982;;;;;;20141230160017
36427397;0;6484022982;0;0;0321;077;20141230160017;20141230160017
36443052;0;5484368551;0;0;0321;006;20141230160016;20141230160016
36446694;0;6484055007;0;0;0321;077;20141230160017;20141230160017
36447110;0;5381319272;0;0;0321;006;20141230160016;20141230160016
13426361;1;6232826429;;;;;;20141230160020
36391825;0;5496594315;0;0;0321;006;20141230160016;20141230160016
36445115;0;5198733509;0;0;0321;006;20141230160016;20141230160016
36424827;0;5496897699;0;0;0321;006;20141230160016;20141230160016
33785831;1;5591417187;;;;;;20141230160020
36393317;0;5399254290;0;0;0321;006;20141230160016;20141230160016
18042701;1;5199160501;;;;;;20141230160016
35994523;0;5199160501;0;0;0321;006;20141230160016;20141230160016
36445395;0;6799632342;0;0;0321;054;20141230160017;20141230160017
36174485;1;7591985011;;;;;;20141230160020
36438297;0;5185896481;0;0;0321;006;20141230160016;20141230160016
36399585;0;6799865009;0;0;0321;054;20141230160017;20141230160017
36432229;0;6281529583;0;0;0321;077;20141230160017;20141230160017
36446873;0;5496991445;0;0;0321;006;20141230160016;20141230160016
36434943;0;6536913117;0;0;0125;165;20141230160017;20141230160017
36446178;0;8432174705;0;0;0152;544;20141230160018;20141230160018
36435691;0;5184416170;0;0;0321;006;20141230160016;20141230160016
36424492;0;8432197001;0;0;0152;544;20141230160018;20141230160018
36388656;0;7134847507;0;0;0125;387;20141230160018;20141230160018
25697070;1;7133515855;;;;;;20141230160018
36428846;0;7133515855;0;0;0125;387;20141230160018;20141230160018
36210579;0;6281234606;0;0;0321;077;20141230160017;20141230160017
36422747;0;7135081580;0;0;0125;387;20141230160018;20141230160018
36405826;0;7132372364;0;0;0125;387;20141230160018;20141230160018
36430404;0;8598531176;0;0;0321;028;20141230160019;20141230160019
36445328;0;5184818821;0;0;0321;006;20141230160016;20141230160016
36440423;0;5182964414;0;0;0321;006;20141230160016;20141230160016
36432472;0;5182015683;0;0;0321;006;20141230160016;20141230160016
14449665;1;7133566646;;;;;;20141230160018
36424385;0;7133566646;0;0;0125;387;20141230160018;20141230160018
35936637;1;5135637552;;;;;;20141230160020
36438617;0;5182619052;0;0;0321;006;20141230160016;20141230160016
28851974;1;7132721005;;;;;;20141230160018
35876617;0;7132721005;0;0;0125;387;20141230160018;20141230160018
36447051;0;5181040642;0;0;0321;006;20141230160016;20141230160016
36444361;0;5184325943;0;0;0321;006;20141230160016;20141230160016
36375110;0;8137241310;0;0;0125;389;20141230160018;20141230160018
28246560;1;6733416953;;;;;;20141230160017
36078010;0;6733416953;0;0;0125;167;20141230160017;20141230160017
36429021;0;7132345223;0;0;0125;387;20141230160018;20141230160018
36385416;0;7132353262;0;0;0125;387;20141230160018;20141230160018
25714098;1;7132193223;;;;;;20141230160018
36478020;0;7132193223;0;0;0131;071;20141230160018;20141230160018
36444513;0;6999187665;0;0;0321;058;20141230160018;20141230160018
36423358;0;5184790830;0;0;0321;006;20141230160016;20141230160016
36476427;0;8432288096;0;0;0131;084;20141230160018;20141230160018
36446974;0;6481408371;0;0;0321;077;20141230160017;20141230160017
36445268;0;6481301334;0;0;0321;077;20141230160017;20141230160017
36436892;0;6296960050;0;0;0321;077;20141230160017;20141230160017
36435294;0;6282558700;0;0;0321;077;20141230160017;20141230160017
24372589;1;7182068070;;;;;;20141230160020
26613388;1;5184866419;;;;;;20141230160016
36394023;0;5184866419;0;0;0321;006;20141230160016;20141230160016
36437994;0;8399848719;0;0;0321;024;20141230160018;20141230160018
31642700;1;7133460186;;;;;;20141230160018
36417765;0;7133460186;0;0;0125;387;20141230160018;20141230160018
36425198;0;7133535550;0;0;0125;387;20141230160018;20141230160018
36447134;0;6481750644;0;0;0321;077;20141230160017;20141230160017
36422805;0;7132640346;0;0;0125;387;20141230160018;20141230160018
34393684;1;8532735496;;;;;;20141230160019
36327837;0;8532735496;0;0;0125;388;20141230160019;20141230160019
7291208;1;8532171914;;;;;;20141230160018
36413551;0;8532171914;0;0;0181;809;20141230160018;20141230160018
9785765;1;8488316919;;;;;;20141230160018
36435806;0;8488316919;0;0;0321;032;20141230160018;20141230160018
36478271;0;8332456593;0;0;0131;083;20141230160018;20141230160018
36435760;0;8487434035;0;0;0321;032;20141230160018;20141230160018
36413628;0;8532243233;0;0;0181;809;20141230160018;20141230160018
36445370;0;92993043470;0;0;0321;493;20141230160019;20141230160019
36382836;0;7188084669;0;0;0321;471;20141230160018;20141230160018
36360610;0;8134870117;0;0;0125;389;20141230160018;20141230160018
15687287;1;8134684996;;;;;;20141230160018
36418450;0;8134684996;0;0;0125;389;20141230160018;20141230160018
36446180;0;8432222865;0;0;0152;544;20141230160018;20141230160018
36357680;0;8432194681;0;0;0125;346;20141230160018;20141230160018
36446181;0;8432223374;0;0;0152;544;20141230160018;20141230160018
36446179;0;8432729024;0;0;0152;544;20141230160018;20141230160018
36424498;0;8432232634;0;0;0152;544;20141230160018;20141230160018
36413641;0;8532736592;0;0;0181;809;20141230160019;20141230160019
36413633;0;8532796988;0;0;0181;809;20141230160019;20141230160019
36392367;0;92993889847;0;0;0321;493;20141230160019;20141230160019
36424463;0;8432363218;0;0;0152;544;20141230160018;20141230160018
36373678;0;8597007130;0;0;0321;028;20141230160019;20141230160019
36444800;0;92992224251;0;0;0321;493;20141230160019;20141230160019
36413539;0;8530214964;0;0;0181;809;20141230160018;20141230160018
24919949;1;8699811528;;;;;;20141230160019
36447261;0;8699811528;0;0;0321;029;20141230160019;20141230160019
36393187;0;8498065655;0;0;0321;032;20141230160018;20141230160018
36437895;0;92993720594;0;0;0321;493;20141230160019;20141230160019
36445915;0;92996131406;0;0;0321;493;20141230160019;20141230160019
36413545;0;8530991672;0;0;0181;809;20141230160018;20141230160018
36436576;0;8133257629;0;0;0125;389;20141230160018;20141230160018
36413541;0;8530455825;0;0;0181;809;20141230160018;20141230160018
22409185;1;8532635162;;;;;;20141230160018
36413540;0;8532635162;0;0;0181;809;20141230160018;20141230160018
6838372;1;8532428148;;;;;;20141230160018
36413530;0;8532428148;0;0;0181;809;20141230160018;20141230160018
36412042;0;8141017331;0;0;0125;389;20141230160018;20141230160018
36439330;0;91981230902;0;0;0321;494;20141230160019;20141230160019
27348403;1;8532245258;;;;;;20141230160018
36413518;0;8532245258;0;0;0181;809;20141230160018;20141230160018
36376354;0;7532211638;0;0;0125;387;20141230160018;20141230160018
36424499;0;8432080343;0;0;0152;544;20141230160018;20141230160018
36399534;0;8184219925;0;0;0321;023;20141230160018;20141230160018
36414837;0;8534896626;0;0;0125;388;20141230160019;20141230160019
36435547;0;8581226565;0;0;0321;028;20141230160019;20141230160019
36428621;0;8534963109;0;0;0125;388;20141230160019;20141230160019
36434918;0;8135231844;0;0;0125;389;20141230160018;20141230160018
36395723;0;8585636639;0;0;0321;028;20141230160019;20141230160019
35944383;1;8586119107;;;;;;20141230160019
36432092;0;8586119107;0;0;0321;028;20141230160019;20141230160019
36400641;0;8596775831;0;0;0321;028;20141230160019;20141230160019
27278774;1;8534722431;;;;;;20141230160019
36413555;0;8534722431;0;0;0181;809;20141230160019;20141230160019
36426087;0;8586685552;0;0;0321;028;20141230160019;20141230160019
36439635;0;92991656989;0;0;0321;493;20141230160019;20141230160019
36174161;0;8532511106;0;0;0181;809;20141230160018;20141230160018
36400258;0;92981431111;0;0;0321;493;20141230160019;20141230160019
35279199;1;8892113740;;;;;;20141230160022
36379936;0;92993565158;0;0;0321;493;20141230160019;20141230160019
36441830;0;8396027712;0;0;0321;024;20141230160018;20141230160018
36413645;0;8532247487;0;0;0181;809;20141230160018;20141230160018
36394421;0;92992878868;0;0;0321;493;20141230160019;20141230160019
36388401;0;91988355735;0;0;0321;494;20141230160019;20141230160019
36413638;0;8532674777;0;0;0181;809;20141230160018;20141230160018
36432176;0;8436453413;0;0;0152;544;20141230160018;20141230160018
36432163;0;8436082364;0;0;0152;544;20141230160018;20141230160018
36446171;0;8436610705;0;0;0152;544;20141230160018;20141230160018
36413620;0;8532673684;0;0;0181;809;20141230160018;20141230160018
27295061;1;8532247007;;;;;;20141230160018
36413560;0;8532247007;0;0;0181;809;20141230160018;20141230160018
36413617;0;8532440899;0;0;0181;809;20141230160018;20141230160018
36413609;0;8532711580;0;0;0181;809;20141230160018;20141230160018
36446172;0;8436535002;0;0;0152;544;20141230160018;20141230160018
36413612;0;8532655867;0;0;0181;809;20141230160018;20141230160018
36432169;0;8436183894;0;0;0152;544;20141230160018;20141230160018
337447;1;8436641080;;;;;;20141230160018
36432180;0;8436641080;0;0;0152;544;20141230160018;20141230160018
046795eccf29faf8ab401a1ec8685783