20141118175003;760
33460344;1;1150870985;;;;;;20141118160000
35764741;0;11948805203;0;0;0321;014;20141118160000;20141118160000
33460323;1;1150870979;;;;;;20141118160001
32872817;1;1144528090;;;;;;20141118160000
35763949;0;1144528090;0;0;0125;146;20141118160000;20141118160000
33460282;1;1150870969;;;;;;20141118160001
33460175;1;1150870952;;;;;;20141118160001
33460265;1;1150870965;;;;;;20141118160001
35829617;0;1136410532;0;0;0115;011;20141118160000;20141118160000
33460293;1;1150870970;;;;;;20141118160001
35753976;0;11975092297;0;0;0321;014;20141118160000;20141118160000
18938460;1;1141940823;;;;;;20141118160000
35823874;0;1141940823;0;0;0121;212;20141118160000;20141118160000
33460269;1;1150870966;;;;;;20141118160002
33460238;1;1150870961;;;;;;20141118160002
33460113;1;1150870940;;;;;;20141118160002
35614720;0;11967330103;0;0;0321;014;20141118160000;20141118160000
33460315;1;1150870976;;;;;;20141118160002
33460230;1;1150870960;;;;;;20141118160003
35753918;0;1136072688;0;0;0125;100;20141118160000;20141118160000
29156869;1;11964536599;;;;;;20141118160003
35765374;0;11980822030;0;0;0321;014;20141118160000;20141118160000
35765855;0;11980528648;0;0;0321;014;20141118160000;20141118160000
35765613;0;11959154350;0;0;0321;014;20141118160000;20141118160000
35764235;0;11964220694;0;0;0321;014;20141118160000;20141118160000
35755035;0;11980265865;0;0;0321;014;20141118160000;20141118160000
20536390;1;11980408231;;;;;;20141118160000
35751107;0;11980408231;0;0;0321;014;20141118160000;20141118160000
35765879;0;1124562296;0;0;0125;100;20141118160000;20141118160000
35676201;0;11967291357;0;0;0321;014;20141118160000;20141118160000
35766371;0;11963981242;0;0;0321;014;20141118160000;20141118160000
35677417;0;11974240386;0;0;0321;014;20141118160000;20141118160000
32640232;1;11967285267;;;;;;20141118160000
35762077;0;11967285267;0;0;0341;411;20141118160000;20141118160000
33460196;1;1150870955;;;;;;20141118160004
33460306;1;1150870973;;;;;;20141118160004
33460249;1;1150870962;;;;;;20141118160004
35764087;0;11981753375;0;0;0321;014;20141118160002;20141118160002
35752994;0;11982401837;0;0;0321;014;20141118160003;20141118160003
35763657;0;11983111222;0;0;0321;014;20141118160003;20141118160003
35766086;0;11981215104;0;0;0321;014;20141118160001;20141118160001
21589639;1;11981074546;;;;;;20141118160001
35766891;0;11981636654;0;0;0321;014;20141118160001;20141118160001
35757034;0;11981074546;0;0;0351;823;20141118160001;20141118160001
31349853;1;11980972333;;;;;;20141118160001
35766483;0;11980972333;0;0;0341;411;20141118160001;20141118160001
35751444;0;11981207746;0;0;0321;014;20141118160001;20141118160001
35766471;0;11980868565;0;0;0321;014;20141118160001;20141118160001
35753025;0;11981292812;0;0;0321;014;20141118160001;20141118160001
35764808;0;11981401327;0;0;0321;014;20141118160001;20141118160001
21589650;1;11983050306;;;;;;20141118160003
35757104;0;11983050306;0;0;0351;823;20141118160003;20141118160003
28507233;1;11982976395;;;;;;20141118160003
35762987;0;11982976395;0;0;0321;014;20141118160003;20141118160003
35763925;0;11983992011;0;0;0321;014;20141118160003;20141118160003
35743652;0;1126683208;0;0;0125;146;20141118160000;20141118160000
33460138;1;1150870945;;;;;;20141118160004
35750366;0;11982309447;0;0;0321;014;20141118160002;20141118160002
33460166;1;1150870950;;;;;;20141118160004
33460179;1;1150870953;;;;;;20141118160004
33460391;1;1150870997;;;;;;20141118160004
10608122;1;11980228565;;;;;;20141118160000
35766470;0;11980228565;0;0;0321;014;20141118160000;20141118160000
35764192;0;11982057593;0;0;0321;014;20141118160002;20141118160002
35757813;0;11982154543;0;0;0321;014;20141118160002;20141118160002
33460330;1;1150870981;;;;;;20141118160004
27591070;1;11991866720;;;;;;20141118160004
33460218;1;1150870957;;;;;;20141118160004
35676692;0;11960538859;0;0;0321;014;20141118160000;20141118160000
792842;1;11992048247;;;;;;20141118160004
33460146;1;1150870946;;;;;;20141118160004
35824880;0;1136816804;0;0;0115;013;20141118160000;20141118160000
33460117;1;1150870941;;;;;;20141118160004
35754597;0;11985439774;0;0;0321;014;20141118160004;20141118160004
35752822;0;11984220070;0;0;0321;014;20141118160003;20141118160003
7491654;1;11992682464;;;;;;20141118160004
35766777;0;11984370393;0;0;0321;014;20141118160003;20141118160003
35755200;0;11985385260;0;0;0321;014;20141118160004;20141118160004
35757025;0;11996295715;0;0;0321;014;20141118160004;20141118160004
35763844;0;11986534334;0;0;0321;014;20141118160004;20141118160004
35758698;0;11996083408;0;0;0321;014;20141118160004;20141118160004
21589664;1;11985574838;;;;;;20141118160004
35756943;0;11985574838;0;0;0351;823;20141118160004;20141118160004
35763263;0;11985054375;0;0;0321;014;20141118160003;20141118160003
33460374;1;1150870992;;;;;;20141118160005
35563676;0;11996368040;0;0;0321;014;20141118160004;20141118160004
30007442;1;11985790655;;;;;;20141118160004
35751662;0;11985790655;0;0;0321;014;20141118160004;20141118160004
35764689;0;11985696317;0;0;0321;014;20141118160004;20141118160004
35748251;0;1144612075;0;0;0125;146;20141118160000;20141118160000
35682016;0;1143619724;0;0;0125;146;20141118160000;20141118160000
35751134;0;1123694746;0;0;0125;100;20141118160000;20141118160000
35582975;1;11975812276;;;;;;20141118160000
35754588;0;11975812276;0;0;0341;411;20141118160000;20141118160000
4843110;1;11985192164;;;;;;20141118160004
35764216;0;11951252773;0;0;0321;014;20141118160000;20141118160000
35756892;0;11985192164;0;0;0321;014;20141118160004;20141118160004
35753466;0;11946910565;0;0;0321;014;20141118160000;20141118160000
35757064;0;11985077544;0;0;0321;014;20141118160004;20141118160004
35766108;0;11984274767;0;0;0321;014;20141118160003;20141118160003
35755777;0;1124965264;0;0;0125;100;20141118160000;20141118160000
35410024;1;11968355440;;;;;;20141118160005
24895850;1;11986156778;;;;;;20141118160004
35765282;0;11986156778;0;0;0321;014;20141118160004;20141118160004
35763760;0;11986372152;0;0;0321;014;20141118160004;20141118160004
23270563;1;11985841420;;;;;;20141118160004
35761102;0;11985841420;0;0;0321;014;20141118160004;20141118160004
35765555;0;11986240568;0;0;0321;014;20141118160004;20141118160004
35765344;0;11951902286;0;0;0321;014;20141118160000;20141118160000
33460369;1;1150870991;;;;;;20141118160005
35677418;0;11974264394;0;0;0321;014;20141118160000;20141118160000
33460335;1;1150870982;;;;;;20141118160005
35753849;0;11972811701;0;0;0321;014;20141118160000;20141118160000
33460162;1;1150870949;;;;;;20141118160005
35827251;0;1142324796;0;0;0115;013;20141118160000;20141118160000
35757076;0;1124964133;0;0;0125;100;20141118160000;20141118160000
35677416;0;11973049766;0;0;0321;014;20141118160000;20141118160000
35759892;0;11961161211;0;0;0321;014;20141118160000;20141118160000
35756308;1;1133615640;;;;;;20141118160000
35829246;0;1133615640;0;0;0115;011;20141118160000;20141118160000
33460386;1;1150870996;;;;;;20141118160005
34718616;1;1140761744;;;;;;20141118160000
35828776;0;1140761744;0;0;0115;013;20141118160000;20141118160000
35751663;0;11999880655;0;0;0321;014;20141118160004;20141118160004
35828832;0;1239564476;0;0;0115;011;20141118160004;20141118160004
28071311;1;11999757029;;;;;;20141118160004
35756177;0;11999757029;0;0;0321;014;20141118160004;20141118160004
33460401;1;1150870999;;;;;;20141118160007
33460308;1;1150870974;;;;;;20141118160007
33460301;1;1150870972;;;;;;20141118160007
33460277;1;1150870968;;;;;;20141118160007
35685869;0;11959159206;0;0;0321;014;20141118160000;20141118160000
35685839;0;11995658734;0;0;0321;014;20141118160004;20141118160004
35750978;0;15997191427;0;0;0321;017;20141118160005;20141118160005
33460258;1;1150870964;;;;;;20141118160007
33460312;1;1150870975;;;;;;20141118160007
33160300;1;11986816175;;;;;;20141118160004
35766163;0;11986816175;0;0;0321;014;20141118160004;20141118160004
9489399;1;1732346963;;;;;;20141118160005
35659213;0;1732346963;2;0;0112;143;20141118160005;20141118160005
33460368;1;1150870990;;;;;;20141118160008
33460171;1;1150870951;;;;;;20141118160008
16176916;1;11963032529;;;;;;20141118160008
33460381;1;1150870995;;;;;;20141118160008
33460296;1;1150870971;;;;;;20141118160008
33460347;1;1150870986;;;;;;20141118160008
35754514;0;11998822754;0;0;0321;014;20141118160004;20141118160004
35751440;0;15997215247;0;0;0321;017;20141118160005;20141118160005
35750315;0;17997058916;0;0;0321;017;20141118160005;20141118160005
35684621;0;11964471212;0;0;0321;014;20141118160000;20141118160000
33460361;1;1150870988;;;;;;20141118160008
35824925;0;1140763107;0;0;0115;013;20141118160000;20141118160000
33460322;1;1150870978;;;;;;20141118160008
33460228;1;1150870959;;;;;;20141118160008
33460223;1;1150870958;;;;;;20141118160008
35746774;0;11948909734;0;0;0351;823;20141118160000;20141118160000
33460154;1;1150870947;;;;;;20141118160008
35653107;0;1129872031;0;0;0125;100;20141118160000;20141118160000
35754477;0;11975883144;0;0;0321;014;20141118160000;20141118160000
35581622;0;11972151214;0;0;0321;014;20141118160000;20141118160000
35685785;0;11951164454;0;0;0321;014;20141118160000;20141118160000
33460395;1;1150870998;;;;;;20141118160008
35708557;0;1533295615;0;0;0125;100;20141118160004;20141118160004
33460254;1;1150870963;;;;;;20141118160008
35751615;0;11995979956;0;0;0321;014;20141118160004;20141118160004
33460380;1;1150870994;;;;;;20141118160008
29276738;1;1633926784;;;;;;20141118160005
35661509;0;1633926784;0;0;0125;100;20141118160005;20141118160005
35754418;0;11995796035;0;0;0321;014;20141118160004;20141118160004
35766372;0;11995386455;0;0;0321;014;20141118160004;20141118160004
11259071;1;1932325097;;;;;;20141118160007
35692958;0;1932325097;0;0;0125;100;20141118160007;20141118160007
10387609;1;11993749527;;;;;;20141118160008
30080491;1;11994577039;;;;;;20141118160008
33460122;1;1150870942;;;;;;20141118160008
35757835;0;1134317598;0;0;0125;146;20141118160000;20141118160000
33460337;1;1150870983;;;;;;20141118160008
30267725;1;1136915814;;;;;;20141118160000
35754364;0;1136915814;0;0;0125;100;20141118160000;20141118160000
35762882;0;11999004951;0;0;0321;014;20141118160004;20141118160004
33460133;1;1150870944;;;;;;20141118160008
35753319;0;1934153367;0;0;0125;100;20141118160007;20141118160007
11738153;1;11998338845;;;;;;20141118160004
35752915;0;11998338845;0;0;0321;014;20141118160004;20141118160004
35754602;0;11995679619;0;0;0321;014;20141118160004;20141118160004
35704742;0;1145091130;0;0;0125;146;20141118160000;20141118160000
35762886;0;1533886946;0;0;0125;100;20141118160005;20141118160005
35750008;0;14997664252;0;0;0321;017;20141118160004;20141118160004
35765052;0;15988068149;0;0;0321;017;20141118160005;20141118160005
26689072;1;1932567130;;;;;;20141118160007
35748668;0;1932567130;0;0;0125;100;20141118160007;20141118160007
35765794;0;1934223156;0;0;0125;100;20141118160007;20141118160007
35766350;0;12982431036;0;0;0321;017;20141118160004;20141118160004
19162935;1;1432343969;;;;;;20141118160004
35676468;0;1432343969;0;0;0125;100;20141118160004;20141118160004
35759479;0;11974958782;0;0;0321;014;20141118160000;20141118160000
35747548;0;11959580132;0;0;0321;014;20141118160000;20141118160000
33460325;1;1150870980;;;;;;20141118160009
35765240;0;11974849701;0;0;0321;014;20141118160000;20141118160000
33460342;1;1150870984;;;;;;20141118160009
33460128;1;1150870943;;;;;;20141118160009
35758008;0;11958632382;0;0;0321;014;20141118160000;20141118160000
33460201;1;1150870956;;;;;;20141118160009
35827095;0;1142028034;0;0;0115;011;20141118160000;20141118160000
35754433;0;11973812024;0;0;0321;014;20141118160000;20141118160000
35734602;0;1123678390;0;0;0125;100;20141118160000;20141118160000
35760009;0;11977667444;0;0;0321;014;20141118160000;20141118160000
33460377;1;1150870993;;;;;;20141118160009
33460273;1;1150870967;;;;;;20141118160009
15494667;1;11973418422;;;;;;20141118160000
35752908;0;11973418422;0;0;0321;014;20141118160000;20141118160000
35757491;0;11972022191;0;0;0351;823;20141118160000;20141118160000
29531446;1;19992674011;;;;;;20141118160009
35766183;0;11958540324;0;0;0321;014;20141118160000;20141118160000
35750170;0;1633372484;0;0;0125;100;20141118160005;20141118160005
33460182;1;1150870954;;;;;;20141118160009
35694599;0;1633228707;0;0;0125;100;20141118160005;20141118160005
35755987;0;11975457155;0;0;0321;014;20141118160000;20141118160000
35685841;0;11961407039;0;0;0321;014;20141118160000;20141118160000
33460159;1;1150870948;;;;;;20141118160009
35702926;0;16981126650;0;0;0321;017;20141118160005;20141118160005
35758647;0;1135413027;0;0;0181;638;20141118160000;20141118160000
35743899;1;1632043702;;;;;;20141118160005
35828343;0;1632043702;0;0;0115;011;20141118160005;20141118160005
25737491;1;11979592305;;;;;;20141118160000
35755628;0;11979592305;0;0;0321;014;20141118160000;20141118160000
35514433;0;1145136888;0;0;0125;146;20141118160000;20141118160000
33460318;1;1150870977;;;;;;20141118160009
35750007;0;14997026929;0;0;0321;017;20141118160004;20141118160004
16486024;1;11976249580;;;;;;20141118160009
35766206;0;1124044383;0;0;0125;100;20141118160000;20141118160000
33460353;1;1150870987;;;;;;20141118160009
35766722;0;1533296369;0;0;0125;100;20141118160004;20141118160004
35704372;0;13981794070;0;0;0321;017;20141118160004;20141118160004
22942640;1;1330265601;;;;;;20141118160004
35829726;0;1330265601;0;0;0121;212;20141118160004;20141118160004
35764127;0;1533290959;0;0;0125;100;20141118160004;20141118160004
33189832;1;11997187815;;;;;;20141118160004
35766655;0;14988172040;0;0;0321;017;20141118160004;20141118160004
35765474;0;11997187815;0;0;0321;014;20141118160004;20141118160004
35765545;0;11998572859;0;0;0321;014;20141118160004;20141118160004
35751396;0;1432231049;0;0;0125;100;20141118160004;20141118160004
35765958;0;11998448120;0;0;0321;014;20141118160004;20141118160004
35673302;0;19996870512;0;0;0321;017;20141118160007;20141118160007
35765301;0;1432454817;0;0;0125;100;20141118160004;20141118160004
33460363;1;1150870989;;;;;;20141118160010
35765450;0;11999115109;0;0;0321;014;20141118160004;20141118160004
35757048;0;1932511233;0;0;0125;100;20141118160007;20141118160007
35563677;0;11996708243;0;0;0321;014;20141118160004;20141118160004
35755285;0;13981470213;0;0;0351;823;20141118160004;20141118160004
99038;1;1432347994;;;;;;20141118160004
35719713;0;1432347994;0;0;0125;100;20141118160004;20141118160004
35759921;0;1532171986;0;0;0125;100;20141118160004;20141118160004
35746952;0;1932352761;0;0;0125;100;20141118160007;20141118160007
7711278;1;1932541350;;;;;;20141118160007
35762202;0;1932541350;0;0;0125;100;20141118160007;20141118160007
9489230;1;1732325682;;;;;;20141118160005
35659214;0;1732325682;2;0;0112;143;20141118160005;20141118160005
35605779;0;1835211615;2;0;0121;212;20141118160005;20141118160005
35752916;0;16997023949;0;0;0321;017;20141118160005;20141118160005
35752764;0;17996554994;0;0;0321;017;20141118160005;20141118160005
35605776;0;1835211422;2;0;0121;212;20141118160005;20141118160005
1635036;1;1732357758;;;;;;20141118160005
35659412;0;1732357758;2;0;0112;143;20141118160005;20141118160005
35755084;0;17981116459;0;0;0321;017;20141118160005;20141118160005
35758645;0;19996023242;0;0;0321;017;20141118160007;20141118160007
35802095;0;2126320510;0;0;0131;021;20141118160008;20141118160008
35764869;0;18996491822;0;0;0321;017;20141118160005;20141118160005
35742588;0;12997177626;0;0;0321;017;20141118160004;20141118160004
35758274;0;1434521656;0;0;0102;922;20141118160004;20141118160004
8764182;1;19991284099;;;;;;20141118160007
35764714;0;19991284099;0;0;0321;017;20141118160007;20141118160007
29061942;1;19994020981;;;;;;20141118160010
35605791;0;1835211791;2;0;0121;212;20141118160005;20141118160005
35767097;0;1930362880;0;0;0125;100;20141118160005;20141118160005
35605814;0;1835215387;2;0;0121;212;20141118160005;20141118160005
35747152;0;18996572400;0;0;0321;017;20141118160005;20141118160005
35763863;0;1932317946;0;0;0125;100;20141118160005;20141118160005
35605801;0;1835213704;2;0;0121;212;20141118160005;20141118160005
35751753;0;1933268600;0;0;0125;100;20141118160007;20141118160007
35751878;0;19998842029;0;0;0321;017;20141118160008;20141118160008
2511865;1;1932770415;;;;;;20141118160007
35755221;0;1932770415;0;0;0125;100;20141118160007;20141118160007
8927479;1;19991999696;;;;;;20141118160010
23673006;1;19992622964;;;;;;20141118160010
30103561;1;19993219904;;;;;;20141118160010
16062776;1;19988063310;;;;;;20141118160007
35760012;0;19988063310;0;0;0321;017;20141118160007;20141118160007
35764712;0;19987805510;0;0;0321;017;20141118160007;20141118160007
34685986;1;2127248115;;;;;;20141118160008
35808888;0;2127248115;0;0;0131;021;20141118160008;20141118160008
35703684;0;1937221095;0;0;0125;100;20141118160007;20141118160007
35677852;0;19997961498;0;0;0321;017;20141118160008;20141118160008
35765009;0;19982822503;0;0;0321;017;20141118160007;20141118160007
5036386;1;1941021051;;;;;;20141118160007
35760090;0;1941021051;0;0;0125;100;20141118160007;20141118160007
35761277;0;19983695875;0;0;0321;017;20141118160007;20141118160007
35766149;0;19983167768;0;0;0321;017;20141118160007;20141118160007
35759494;0;19988809606;0;0;0321;017;20141118160007;20141118160007
34320365;1;2126986661;;;;;;20141118160008
35803512;0;2126986661;0;0;0131;021;20141118160008;20141118160008
35809221;0;2124552294;0;0;0131;021;20141118160008;20141118160008
35805595;0;2126109717;0;0;0131;021;20141118160008;20141118160008
35764713;0;19988407119;0;0;0321;017;20141118160007;20141118160007
35802464;0;2126028904;0;0;0131;021;20141118160008;20141118160008
35766429;0;19998707305;0;0;0321;017;20141118160008;20141118160008
35809222;0;2126764982;0;0;0131;021;20141118160008;20141118160008
35829276;0;2121652207;0;0;0121;221;20141118160008;20141118160008
35824073;0;2121543665;0;0;0121;221;20141118160008;20141118160008
35742786;0;2138181951;2;0;0121;221;20141118160008;20141118160008
35742949;0;2138181979;2;0;0121;221;20141118160008;20141118160008
35803051;0;2126029584;0;0;0131;021;20141118160008;20141118160008
35758692;0;2130420131;0;0;0181;621;20141118160008;20141118160008
22612463;1;2132453512;;;;;;20141118160008
35809534;0;2132453512;0;0;0131;021;20141118160008;20141118160008
35758691;0;2130420118;0;0;0181;621;20141118160008;20141118160008
35809220;0;2126359337;0;0;0131;021;20141118160008;20141118160008
35758693;0;2130420165;0;0;0181;621;20141118160008;20141118160008
35742848;0;2138181960;2;0;0121;221;20141118160008;20141118160008
35742810;0;2138181952;2;0;0121;221;20141118160008;20141118160008
35826883;0;2132861978;0;0;0121;221;20141118160008;20141118160008
35809536;0;2133326088;0;0;0131;021;20141118160008;20141118160008
35802766;0;2133554104;0;0;0131;021;20141118160008;20141118160008
35742941;0;2138181976;2;0;0121;221;20141118160008;20141118160008
35808884;0;2136571009;0;0;0131;021;20141118160008;20141118160008
35742874;0;2138181967;2;0;0121;221;20141118160008;20141118160008
35742985;0;2138181987;2;0;0121;221;20141118160008;20141118160008
35742834;0;2138181956;2;0;0121;221;20141118160008;20141118160008
35742979;0;2138181986;2;0;0121;221;20141118160008;20141118160008
35742821;0;2138181953;2;0;0121;221;20141118160008;20141118160008
35755326;0;21980884976;0;0;0321;018;20141118160009;20141118160009
35742892;0;2138181971;2;0;0121;221;20141118160008;20141118160008
35742954;0;2138181980;2;0;0121;221;20141118160008;20141118160008
35809625;0;2126032492;0;0;0131;021;20141118160008;20141118160008
35742781;0;2138181950;2;0;0121;221;20141118160008;20141118160008
35742903;0;2138181973;2;0;0121;221;20141118160008;20141118160008
35742990;0;2138181989;2;0;0121;221;20141118160008;20141118160008
35742845;0;2138181959;2;0;0121;221;20141118160008;20141118160008
35518348;0;3232576605;2;0;0121;232;20141118160009;20141118160009
35825703;0;2136463469;0;0;0121;221;20141118160008;20141118160008
35763481;0;21982149426;0;0;0321;018;20141118160009;20141118160009
35742854;0;2138181962;2;0;0121;221;20141118160008;20141118160008
35742866;0;2138181966;2;0;0121;221;20141118160008;20141118160008
35742825;0;2138181954;2;0;0121;221;20141118160008;20141118160008
35518455;0;3232576627;2;0;0121;232;20141118160010;20141118160010
35742851;0;2138181961;2;0;0121;221;20141118160008;20141118160008
35743026;0;2138181996;2;0;0121;221;20141118160008;20141118160008
35742838;0;2138181957;2;0;0121;221;20141118160008;20141118160008
35742842;0;2138181958;2;0;0121;221;20141118160008;20141118160008
35518457;0;3232576628;2;0;0121;232;20141118160011;20141118160011
35518466;0;3232576629;2;0;0121;232;20141118160011;20141118160011
35742900;0;2138181972;2;0;0121;221;20141118160008;20141118160008
35742859;0;2138181964;2;0;0121;221;20141118160008;20141118160008
35742862;0;2138181965;2;0;0121;221;20141118160008;20141118160008
35686370;0;21988601935;0;0;0321;018;20141118160009;20141118160009
35743000;0;2138181990;2;0;0121;221;20141118160008;20141118160008
35742976;0;2138181985;2;0;0121;221;20141118160008;20141118160008
30812563;1;21968401946;;;;;;20141118160011
35742943;0;2138181978;2;0;0121;221;20141118160008;20141118160008
35676712;0;21987614408;0;0;0321;018;20141118160009;20141118160009
35342259;1;21968772256;;;;;;20141118160012
35742886;0;2138181970;2;0;0121;221;20141118160008;20141118160008
35743031;0;2138181997;2;0;0121;221;20141118160008;20141118160008
35742829;0;2138181955;2;0;0121;221;20141118160008;20141118160008
35742958;0;2138181981;2;0;0121;221;20141118160008;20141118160008
35743034;0;2138181998;2;0;0121;221;20141118160009;20141118160009
35518352;0;3232576606;2;0;0121;232;20141118160009;20141118160009
35742909;0;2138181974;2;0;0121;221;20141118160008;20141118160008
35742881;0;2138181968;2;0;0121;221;20141118160008;20141118160008
35518373;0;3232576611;2;0;0121;232;20141118160009;20141118160009
29943206;1;21979823865;;;;;;20141118160009
35757879;0;21979823865;0;0;0351;824;20141118160009;20141118160009
35518392;0;3232576614;2;0;0121;232;20141118160009;20141118160009
35518386;0;3232576613;2;0;0121;232;20141118160009;20141118160009
35518453;0;3232576626;2;0;0121;232;20141118160010;20141118160010
35518425;0;3232576619;2;0;0121;232;20141118160010;20141118160010
35518427;0;3232576620;2;0;0121;232;20141118160010;20141118160010
30604612;1;21976749593;;;;;;20141118160012
35676711;0;21987614382;0;0;0321;018;20141118160009;20141118160009
35742855;0;2138181963;2;0;0121;221;20141118160008;20141118160008
35753653;0;21987294332;0;0;0351;824;20141118160009;20141118160009
35749968;0;21982338766;0;0;0321;018;20141118160009;20141118160009
35743020;0;2138181995;2;0;0121;221;20141118160008;20141118160008
35742965;0;2138181983;2;0;0121;221;20141118160008;20141118160008
35756001;0;21979656933;0;0;0321;018;20141118160009;20141118160009
35518479;0;3232576631;2;0;0121;232;20141118160011;20141118160011
35518481;0;3232576632;2;0;0121;232;20141118160011;20141118160011
35518474;0;3232576630;2;0;0121;232;20141118160011;20141118160011
35756968;0;3188881794;0;0;0321;430;20141118160009;20141118160009
35518444;0;3232576622;2;0;0121;232;20141118160010;20141118160010
35518452;0;3232576625;2;0;0121;232;20141118160010;20141118160010
35747956;0;21964403790;0;0;0321;018;20141118160009;20141118160009
30812320;1;21994088067;;;;;;20141118160012
35683962;0;3185166146;0;0;0321;430;20141118160009;20141118160009
26338195;1;3184516795;;;;;;20141118160012
35756298;0;3186534020;0;0;0341;076;20141118160009;20141118160009
35743040;0;2138181999;2;0;0121;221;20141118160009;20141118160009
35754405;0;21996651990;0;0;0321;018;20141118160009;20141118160009
35518449;0;3232576624;2;0;0121;232;20141118160010;20141118160010
35518446;0;3232576623;2;0;0121;232;20141118160010;20141118160010
35686371;0;21988604148;0;0;0321;018;20141118160009;20141118160009
35742911;0;2138181975;2;0;0121;221;20141118160008;20141118160008
35805586;0;3135431652;0;0;0131;031;20141118160009;20141118160009
35763951;0;27981574995;0;0;0321;019;20141118160009;20141118160009
8789745;1;21991698104;;;;;;20141118160012
35518345;0;3232576604;2;0;0121;232;20141118160009;20141118160009
35766764;0;3195044543;0;0;0321;430;20141118160009;20141118160009
35518438;0;3232576621;2;0;0121;232;20141118160010;20141118160010
35756311;0;22981578429;0;0;0321;018;20141118160009;20141118160009
35518367;0;3232576608;2;0;0121;232;20141118160009;20141118160009
35742963;0;2138181982;2;0;0121;221;20141118160008;20141118160008
8798243;1;21993875665;;;;;;20141118160013
8802841;1;21994604389;;;;;;20141118160013
35808558;0;2732365336;0;0;0131;027;20141118160009;20141118160009
35518372;0;3232576610;2;0;0121;232;20141118160009;20141118160009
35518404;0;3232576616;2;0;0121;232;20141118160009;20141118160009
35518331;0;3232576600;2;0;0121;232;20141118160009;20141118160009
35518398;0;3232576615;2;0;0121;232;20141118160009;20141118160009
35518411;0;3232576617;2;0;0121;232;20141118160009;20141118160009
35518381;0;3232576612;2;0;0121;232;20141118160009;20141118160009
35743006;0;2138181992;2;0;0121;221;20141118160008;20141118160008
35743002;0;2138181991;2;0;0121;221;20141118160008;20141118160008
21779558;1;3132455432;;;;;;20141118160009
35740893;0;3132455432;2;0;0112;355;20141118160009;20141118160009
35742882;0;2138181969;2;0;0121;221;20141118160008;20141118160008
35518415;0;3232576618;2;0;0121;232;20141118160009;20141118160009
35756841;0;21996523525;0;0;0321;018;20141118160009;20141118160009
35804848;0;3134810092;0;0;0131;031;20141118160009;20141118160009
35742967;0;2138181984;2;0;0121;221;20141118160008;20141118160008
35812060;0;3134417650;0;0;0131;031;20141118160009;20141118160009
35801985;0;3135915582;0;0;0131;031;20141118160009;20141118160009
35755723;0;21998187767;0;0;0321;018;20141118160009;20141118160009
35757406;0;21999811994;0;0;0321;018;20141118160009;20141118160009
35824314;0;3130751703;0;0;0121;232;20141118160009;20141118160009
35743017;0;2138181994;2;0;0121;221;20141118160008;20141118160008
35744173;0;21981434175;0;0;0321;018;20141118160009;20141118160009
35676710;0;21984075569;0;0;0321;018;20141118160009;20141118160009
35766112;0;3191591321;0;0;0321;430;20141118160009;20141118160009
35439503;0;4192782711;0;0;0321;441;20141118160012;20141118160012
18570751;1;4188001124;;;;;;20141118160013
34953606;1;3184835911;;;;;;20141118160013
29651749;1;3130374647;;;;;;20141118160009
35824194;0;3130374647;0;0;0121;232;20141118160009;20141118160009
35758016;0;27999511814;0;0;0321;019;20141118160009;20141118160009
35756246;0;3175651226;0;0;0321;430;20141118160009;20141118160009
35751048;0;21985205666;0;0;0321;018;20141118160009;20141118160009
35742987;0;2138181988;2;0;0121;221;20141118160008;20141118160008
35518483;0;3232576634;2;0;0121;232;20141118160011;20141118160011
35747694;0;21964403409;0;0;0321;018;20141118160009;20141118160009
35421870;0;21987152002;0;0;0321;018;20141118160009;20141118160009
35753589;0;21999863528;0;0;0321;018;20141118160009;20141118160009
35751564;0;21996919866;0;0;0321;018;20141118160009;20141118160009
35518482;0;3232576633;2;0;0121;232;20141118160011;20141118160011
35307777;1;2422376945;;;;;;20141118160014
35518342;0;3232576603;2;0;0121;232;20141118160009;20141118160009
35756050;0;3199992642;0;0;0321;430;20141118160009;20141118160009
35742942;0;2138181977;2;0;0121;221;20141118160008;20141118160008
35518337;0;3232576601;2;0;0121;232;20141118160009;20141118160009
35825837;0;3001172899;1;0;0115;011;20141118160009;20141118160009
35743014;0;2138181993;2;0;0121;221;20141118160008;20141118160008
10491061;1;21986259954;;;;;;20141118160009
35586733;0;21986259954;0;0;0321;018;20141118160009;20141118160009
35756020;0;21997601140;0;0;0321;018;20141118160009;20141118160009
35518338;0;3232576602;2;0;0121;232;20141118160009;20141118160009
35518353;0;3232576607;2;0;0121;232;20141118160009;20141118160009
35756605;0;2226535404;0;0;0181;621;20141118160009;20141118160009
35179167;1;3196441938;;;;;;20141118160009
35757212;0;3196441938;0;0;0321;430;20141118160009;20141118160009
35807018;0;3134575260;0;0;0131;031;20141118160009;20141118160009
35762118;0;3194561247;0;0;0321;430;20141118160009;20141118160009
26562820;1;3191097095;;;;;;20141118160009
35758162;0;3191097095;0;0;0321;430;20141118160009;20141118160009
35754510;0;3173077323;0;0;0321;430;20141118160009;20141118160009
35752101;0;3171810537;0;0;0321;430;20141118160009;20141118160009
35750392;0;3188730601;0;0;0321;430;20141118160009;20141118160009
35725370;0;4135217430;0;0;0125;141;20141118160012;20141118160012
35518484;0;3232576635;2;0;0121;232;20141118160011;20141118160011
35518486;0;3232576636;2;0;0121;232;20141118160011;20141118160011
35750445;0;4197272550;0;0;0321;441;20141118160012;20141118160012
35615665;1;4498002137;;;;;;20141118160014
1242548;1;4184049879;;;;;;20141118160012
35338885;0;4184049879;0;0;0321;441;20141118160012;20141118160012
35518492;0;3232576640;2;0;0121;232;20141118160011;20141118160011
35518488;0;3232576638;2;0;0121;232;20141118160011;20141118160011
35695168;0;4135691868;0;0;0143;541;20141118160012;20141118160012
35762210;0;4232322999;0;0;0143;541;20141118160012;20141118160012
1242585;1;4184176470;;;;;;20141118160012
35338886;0;4184176470;0;0;0321;441;20141118160012;20141118160012
35518487;0;3232576637;2;0;0121;232;20141118160011;20141118160011
35766501;0;4192024260;0;0;0321;441;20141118160012;20141118160012
35518490;0;3232576639;2;0;0121;232;20141118160011;20141118160011
35439499;0;4191141918;0;0;0321;441;20141118160012;20141118160012
35439500;0;4191842056;0;0;0321;441;20141118160012;20141118160012
35747967;0;4730448054;0;0;0105;917;20141118160012;20141118160012
35439501;0;4192592555;0;0;0321;441;20141118160012;20141118160012
32527790;1;4188778877;;;;;;20141118160014
35719717;0;4133731693;0;0;0143;541;20141118160012;20141118160012
21486860;1;4333389306;;;;;;20141118160012
35737741;0;4333389306;0;0;0125;142;20141118160012;20141118160012
35518510;0;3232576642;2;0;0121;232;20141118160011;20141118160011
35518513;0;3232576643;2;0;0121;232;20141118160011;20141118160011
35439502;0;4192658652;0;0;0321;441;20141118160012;20141118160012
35518369;0;3232576609;2;0;0121;232;20141118160009;20141118160009
21826895;1;4530393034;;;;;;20141118160014
35518516;0;3232576644;2;0;0121;232;20141118160011;20141118160011
35518495;0;3232576641;2;0;0121;232;20141118160011;20141118160011
35747962;0;4730448049;0;0;0105;917;20141118160012;20141118160012
35755933;0;3491796653;0;0;0321;430;20141118160011;20141118160011
35748265;0;3492507053;0;0;0321;430;20141118160011;20141118160011
35747963;0;4730448050;0;0;0105;917;20141118160012;20141118160012
35518519;0;3232576645;2;0;0121;232;20141118160011;20141118160011
35518522;0;3232576647;2;0;0121;232;20141118160011;20141118160011
22219625;1;3432376174;;;;;;20141118160015
35518526;0;3232576648;2;0;0121;232;20141118160011;20141118160011
35737465;0;4830283583;2;0;0121;247;20141118160012;20141118160012
35568706;0;4130884051;0;0;0125;141;20141118160012;20141118160012
35747964;0;4730448051;0;0;0105;917;20141118160012;20141118160012
35518521;0;3232576646;2;0;0121;232;20141118160011;20141118160011
35737474;0;4830288332;2;0;0121;247;20141118160012;20141118160012
35738638;0;4530255618;0;0;0143;541;20141118160012;20141118160012
35749492;0;4530548886;0;0;0114;041;20141118160012;20141118160012
35749342;0;3491759626;0;0;0321;430;20141118160011;20141118160011
35518528;0;3232576649;2;0;0121;232;20141118160011;20141118160011
35597313;0;4896218323;0;0;0321;447;20141118160013;20141118160013
20183822;1;3591934429;;;;;;20141118160015
27918445;1;4133486871;;;;;;20141118160015
35747971;0;4730448058;0;0;0105;917;20141118160012;20141118160012
35756061;0;3492470513;0;0;0312;034;20141118160011;20141118160011
35747970;0;4730448057;0;0;0105;917;20141118160012;20141118160012
35747976;0;4730448063;0;0;0105;917;20141118160012;20141118160012
35747969;0;4730448056;0;0;0105;917;20141118160012;20141118160012
35747974;0;4730448061;0;0;0105;917;20141118160012;20141118160012
12304884;1;4732526060;;;;;;20141118160012
35747787;0;4732526060;0;0;0105;917;20141118160012;20141118160012
35747975;0;4730448062;0;0;0105;917;20141118160012;20141118160012
35747973;0;4730448060;0;0;0105;917;20141118160012;20141118160012
35749571;0;4530548110;0;0;0114;041;20141118160012;20141118160012
35747961;0;4730448048;0;0;0105;917;20141118160012;20141118160012
6390319;1;5196950605;;;;;;20141118160013
35754572;0;5196950605;0;0;0321;006;20141118160013;20141118160013
35737469;0;4830283587;2;0;0121;247;20141118160012;20141118160012
12304885;1;4733501150;;;;;;20141118160012
35747792;0;4733501150;0;0;0105;917;20141118160012;20141118160012
30111352;1;4788839741;;;;;;20141118160015
35750165;0;4797200723;0;0;0321;447;20141118160012;20141118160012
28392352;1;4836268436;;;;;;20141118160015
35747960;0;4730448047;0;0;0105;917;20141118160012;20141118160012
35671339;0;4933044049;0;0;0125;147;20141118160013;20141118160013
35747972;0;4730448059;0;0;0105;917;20141118160012;20141118160012
35747977;0;4730448064;0;0;0105;917;20141118160012;20141118160012
35345968;1;4488433837;;;;;;20141118160015
35757377;0;4896311075;0;0;0321;447;20141118160013;20141118160013
35764057;0;4796577226;0;0;0321;447;20141118160012;20141118160012
35766438;0;4784848793;0;0;0321;447;20141118160012;20141118160012
35737466;0;4830283245;2;0;0121;247;20141118160012;20141118160012
35747968;0;4730448055;0;0;0105;917;20141118160012;20141118160012
35747966;0;4730448053;0;0;0105;917;20141118160012;20141118160012
35737473;0;4830283651;2;0;0121;247;20141118160012;20141118160012
35747965;0;4730448052;0;0;0105;917;20141118160012;20141118160012
35765521;0;4799411042;0;0;0321;447;20141118160012;20141118160012
26588158;1;4532269491;;;;;;20141118160012
35747205;0;4532269491;0;0;0121;241;20141118160012;20141118160012
31346188;1;6239329290;;;;;;20141118160016
29809620;1;4984021453;;;;;;20141118160016
29810135;1;4984020613;;;;;;20141118160016
35747769;0;4738042894;0;0;0114;047;20141118160012;20141118160012
35686016;0;4784616180;0;0;0321;447;20141118160012;20141118160012
35766368;0;4784057191;0;0;0321;447;20141118160012;20141118160012
35765851;0;4799646150;0;0;0321;447;20141118160012;20141118160012
35758188;0;5199491910;0;0;0321;006;20141118160013;20141118160013
35176208;1;4733947097;;;;;;20141118160016
35750607;0;4532244430;0;0;0125;141;20141118160012;20141118160012
35126593;1;4799622801;;;;;;20141118160016
35764164;0;4896004995;0;0;0321;447;20141118160012;20141118160012
35764866;0;6135433760;0;0;0125;161;20141118160013;20141118160013
35750393;0;4730564310;0;0;0114;047;20141118160012;20141118160012
35736323;0;4535230027;0;0;0143;541;20141118160012;20141118160012
34479255;1;6191219103;;;;;;20141118160016
35747958;0;4730448045;0;0;0105;917;20141118160012;20141118160012
35725449;0;4733719604;0;0;0125;147;20141118160012;20141118160012
35748497;0;4830931461;0;0;0114;047;20141118160012;20141118160012
16682780;1;4535240763;;;;;;20141118160016
35737468;0;4830283627;2;0;0121;247;20141118160012;20141118160012
35747959;0;4730448046;0;0;0105;917;20141118160012;20141118160012
35754121;0;4884245099;0;0;0321;447;20141118160012;20141118160012
11830525;1;6232072149;;;;;;20141118160016
35660136;0;5139811087;0;0;0157;121;20141118160013;20141118160013
18945382;1;5533227154;;;;;;20141118160016
35660131;0;5139811068;0;0;0157;121;20141118160013;20141118160013
35763324;0;5180254888;0;0;0321;006;20141118160013;20141118160013
35753718;0;6136270791;0;0;0125;162;20141118160013;20141118160013
35758815;0;6232585957;0;0;0125;162;20141118160014;20141118160014
35765077;0;6196917312;0;0;0321;063;20141118160014;20141118160014
35660133;0;5139811073;0;0;0157;121;20141118160013;20141118160013
35761920;0;5182094625;0;0;0321;006;20141118160013;20141118160013
8207037;1;6134351057;;;;;;20141118160013
35673067;0;6134351057;0;0;0125;161;20141118160013;20141118160013
35660134;0;5139811075;0;0;0157;121;20141118160013;20141118160013
35751393;0;6184106212;0;0;0321;063;20141118160014;20141118160014
35724482;0;6135460861;0;0;0125;161;20141118160013;20141118160013
35587686;0;6135422644;0;0;0125;161;20141118160013;20141118160013
35616695;0;6135519935;0;0;0125;161;20141118160013;20141118160013
35755429;0;6232888388;0;0;0125;162;20141118160014;20141118160014
35755791;0;6184592555;0;0;0321;063;20141118160014;20141118160014
5041814;1;6184465574;;;;;;20141118160014
35662848;0;6184465574;0;0;0321;063;20141118160014;20141118160014
35766475;0;6185451277;0;0;0321;063;20141118160014;20141118160014
35740481;0;6235873535;0;0;0125;162;20141118160014;20141118160014
35499704;0;5135664000;0;0;0125;151;20141118160013;20141118160013
21333654;1;5135560924;;;;;;20141118160017
35759818;0;5196116668;0;0;0321;006;20141118160013;20141118160013
29197620;1;6133879619;;;;;;20141118160013
35766179;0;6133879619;0;0;0125;161;20141118160013;20141118160013
5934715;1;6184222019;;;;;;20141118160014
35490222;0;6184222019;0;0;0321;063;20141118160014;20141118160014
35766733;0;6185110409;0;0;0321;063;20141118160014;20141118160014
25446117;1;6130341453;;;;;;20141118160017
35660137;0;5139811123;0;0;0157;121;20141118160013;20141118160013
35701853;0;5496622299;0;0;0321;006;20141118160013;20141118160013
35140432;1;6133511635;;;;;;20141118160017
35751291;0;6130827665;0;0;0114;061;20141118160013;20141118160013
35554400;0;6133882934;0;0;0125;161;20141118160013;20141118160013
35765012;0;5532232506;0;0;0125;151;20141118160013;20141118160013
35703771;0;6133443076;0;0;0125;161;20141118160013;20141118160013
35748159;0;6236438511;0;0;0114;062;20141118160014;20141118160014
35766743;0;5199597893;0;0;0321;006;20141118160013;20141118160013
35762989;0;5532215202;0;0;0125;151;20141118160013;20141118160013
35750974;0;5198801699;0;0;0321;006;20141118160013;20141118160013
35765134;0;6133932710;0;0;0125;161;20141118160013;20141118160013
20831865;1;5135247909;;;;;;20141118160013
35673098;0;5135247909;0;0;0125;151;20141118160013;20141118160013
35676264;0;6181300865;0;0;0321;063;20141118160013;20141118160013
35766715;0;6181657088;0;0;0321;063;20141118160013;20141118160013
35765961;0;4796542323;0;0;0321;447;20141118160012;20141118160012
30169045;1;6182158415;;;;;;20141118160013
35563805;0;6182158415;0;0;0321;063;20141118160013;20141118160013
35755267;0;5185093959;0;0;0321;006;20141118160013;20141118160013
34311344;1;5193622848;;;;;;20141118160017
35756276;0;5198892772;0;0;0321;006;20141118160013;20141118160013
35757964;0;5182272247;0;0;0321;006;20141118160013;20141118160013
35767003;0;5185727841;0;0;0321;006;20141118160013;20141118160013
35763765;0;5195086356;0;0;0321;006;20141118160013;20141118160013
35753697;0;5199621840;0;0;0321;006;20141118160013;20141118160013
5373696;1;5184526652;;;;;;20141118160013
35756184;0;5184526652;0;0;0321;006;20141118160013;20141118160013
35757584;0;5198674446;0;0;0321;006;20141118160013;20141118160013
19728607;1;6232641981;;;;;;20141118160017
4119342;1;6184316268;;;;;;20141118160014
35763188;0;6184316268;0;0;0321;063;20141118160014;20141118160014
35765848;0;6184783328;0;0;0321;063;20141118160014;20141118160014
35750915;0;6135260946;0;0;0114;061;20141118160013;20141118160013
35577856;0;6134858699;0;0;0125;161;20141118160013;20141118160013
35643009;0;6133951403;0;0;0125;161;20141118160013;20141118160013
33848440;1;5430296584;;;;;;20141118160017
35675206;0;5384112738;0;0;0321;006;20141118160013;20141118160013
35757823;0;6384672648;0;0;0341;463;20141118160014;20141118160014
35757355;0;6384032988;0;0;0341;463;20141118160014;20141118160014
35540154;0;5134411235;0;0;0125;151;20141118160013;20141118160013
18996146;1;5491749051;;;;;;20141118160017
35749680;0;5532111315;0;0;0125;151;20141118160013;20141118160013
35829088;0;8130820487;0;0;0121;281;20141118160015;20141118160015
35253122;0;5131074880;0;0;0125;151;20141118160013;20141118160013
35660130;0;5139811062;0;0;0157;121;20141118160013;20141118160013
35757158;0;6436231920;0;0;0125;162;20141118160014;20141118160014
35660135;0;5139811081;0;0;0157;121;20141118160013;20141118160013
35758410;0;6484580504;0;0;0321;077;20141118160014;20141118160014
35660132;0;5139811070;0;0;0157;121;20141118160013;20141118160013
35686379;0;6281372525;0;0;0321;077;20141118160014;20141118160014
35756187;0;6484582086;0;0;0321;077;20141118160014;20141118160014
35756356;0;8432121161;0;0;0152;544;20141118160015;20141118160015
35502473;0;8188630172;0;0;0321;023;20141118160015;20141118160015
35756727;0;6481512276;0;0;0321;077;20141118160014;20141118160014
35756398;0;8430913501;0;0;0152;544;20141118160015;20141118160015
29156050;1;8399241480;;;;;;20141118160015
35758207;0;8399241480;0;0;0321;024;20141118160015;20141118160015
32650534;1;8333975138;;;;;;20141118160015
35825826;0;8006684321;1;0;0115;011;20141118160014;20141118160014
35805527;0;8333975138;0;0;0131;083;20141118160015;20141118160015
35730980;0;6533226259;0;0;0125;165;20141118160014;20141118160014
12308197;1;8007290819;;;;;;20141118160015
35719922;0;8007290819;1;0;0131;021;20141118160015;20141118160015
35744403;0;6733880103;0;0;0125;167;20141118160014;20141118160014
35677047;0;7187933427;0;0;0321;471;20141118160014;20141118160014
35504588;1;7181555522;;;;;;20141118160018
35765060;0;7199265926;0;0;0321;471;20141118160014;20141118160014
35825831;0;8007733155;1;0;0115;011;20141118160015;20141118160015
35730844;0;6533226907;0;0;0125;165;20141118160014;20141118160014
35765890;0;7932533983;0;0;0125;477;20141118160014;20141118160014
15941506;1;8332316977;;;;;;20141118160015
35577720;0;8332316977;0;0;0125;446;20141118160015;20141118160015
35805201;0;8332501618;0;0;0131;083;20141118160015;20141118160015
35754010;0;8183570060;0;0;0321;023;20141118160015;20141118160015
35572326;0;7932313650;0;0;0125;477;20141118160014;20141118160014
35823561;0;8009413778;1;0;0112;355;20141118160015;20141118160015
35751318;0;6521375081;0;0;0114;065;20141118160014;20141118160014
35758010;0;6499111987;0;0;0321;077;20141118160014;20141118160014
35756346;0;8432089130;0;0;0152;544;20141118160015;20141118160015
35277914;1;6796776643;;;;;;20141118160018
35755265;0;6484365523;0;0;0321;077;20141118160014;20141118160014
35753002;0;6733655625;0;0;0125;167;20141118160014;20141118160014
35824177;0;8006481143;1;0;0114;051;20141118160014;20141118160014
35531719;0;7536163007;0;0;0125;387;20141118160014;20141118160014
35720771;0;6732225747;0;0;0125;167;20141118160014;20141118160014
31543290;1;6730432238;;;;;;20141118160014
35673423;0;6730432238;0;0;0125;167;20141118160014;20141118160014
35763750;0;92994217798;0;0;0321;493;20141118160015;20141118160015
35712827;0;6733412845;0;0;0125;167;20141118160014;20141118160014
35828877;0;8008006363;1;0;0112;143;20141118160015;20141118160015
26130840;1;8007206948;;;;;;20141118160015
35719940;0;8007206948;1;0;0131;021;20141118160015;20141118160015
15220774;1;6730276620;;;;;;20141118160018
35754832;0;8191150625;0;0;0341;080;20141118160015;20141118160015
35719921;0;8007014200;1;0;0131;021;20141118160015;20141118160015
35824152;0;8006431160;1;0;0114;051;20141118160014;20141118160014
35804644;0;7436125812;0;0;0131;071;20141118160014;20141118160014
35671193;0;8000095599;1;0;0125;101;20141118160014;20141118160014
35341996;0;91988299311;0;0;0321;494;20141118160015;20141118160015
35805425;0;9132284501;0;0;0131;091;20141118160015;20141118160015
35752308;0;94992297515;0;0;0321;494;20141118160015;20141118160015
35763359;0;8599836106;0;0;0321;028;20141118160015;20141118160015
35765698;0;8596015734;0;0;0321;028;20141118160015;20141118160015
35753956;0;92991510585;0;0;0321;493;20141118160015;20141118160015
7617535;1;8591014248;;;;;;20141118160018
35764720;0;8581180872;0;0;0321;028;20141118160015;20141118160015
35767058;0;92991158575;0;0;0321;493;20141118160015;20141118160015
35762094;0;92993620505;0;0;0321;493;20141118160015;20141118160015
35756283;0;8532873852;0;0;0181;809;20141118160015;20141118160015
12386776;1;8532818364;;;;;;20141118160015
35528634;0;8532818364;0;0;0125;388;20141118160015;20141118160015
33188771;1;8532711506;;;;;;20141118160015
35756339;0;8532711506;0;0;0181;809;20141118160015;20141118160015
35756334;0;8541027999;0;0;0181;809;20141118160015;20141118160015
16734289;1;8436617286;;;;;;20141118160015
35756394;0;8436617286;0;0;0152;544;20141118160015;20141118160015
35756257;0;8530362693;0;0;0181;809;20141118160015;20141118160015
35756300;0;8532648224;0;0;0181;809;20141118160015;20141118160015
35756305;0;8532560699;0;0;0181;809;20141118160015;20141118160015
35756295;0;8532494489;0;0;0181;809;20141118160015;20141118160015
7815052;1;8532341809;;;;;;20141118160015
35756274;0;8532341809;0;0;0181;809;20141118160015;20141118160015
35756310;0;8532676013;0;0;0181;809;20141118160015;20141118160015
23852576;1;8532340105;;;;;;20141118160015
35756239;0;8532340105;0;0;0181;809;20141118160015;20141118160015
35755180;0;8581730083;0;0;0321;028;20141118160015;20141118160015
35756304;0;8532194851;0;0;0181;809;20141118160015;20141118160015
35756272;0;8530458900;0;0;0181;809;20141118160015;20141118160015
9703000;1;8532320070;;;;;;20141118160015
35756259;0;8532320070;0;0;0181;809;20141118160015;20141118160015
35756350;0;8436058436;0;0;0152;544;20141118160015;20141118160015
35756247;0;8530556673;0;0;0181;809;20141118160015;20141118160015
8920200;1;8532278907;;;;;;20141118160015
35756243;0;8532278907;0;0;0181;809;20141118160015;20141118160015
35756343;0;8432148095;0;0;0152;544;20141118160015;20141118160015
35756280;0;8532248403;0;0;0181;809;20141118160015;20141118160015
35756286;0;8532275876;0;0;0181;809;20141118160015;20141118160015
27582216;1;8432175706;;;;;;20141118160015
35756383;0;8432175706;0;0;0152;544;20141118160015;20141118160015
35765687;0;8581110591;0;0;0321;028;20141118160015;20141118160015
21fde232482f5ccd5cb55933a22b8ca7