20150102095005;1499
35742220;1;1124386685;;;;;;20150102080000
24746596;1;1144510031;;;;;;20150102080000
36455509;0;1144510031;0;0;0125;146;20150102080000;20150102080000
2573962;1;1139421771;;;;;;20150102080000
36440671;0;1143077302;0;0;0125;100;20150102080000;20150102080000
36450912;0;1139640987;0;0;0115;011;20150102080000;20150102080000
36459107;0;1143856321;0;0;0115;011;20150102080000;20150102080000
36460499;0;1135656614;0;0;0115;013;20150102080000;20150102080000
35415211;1;1139518656;;;;;;20150102080000
32306613;1;1155122061;;;;;;20150102080001
36424161;0;1135692732;0;0;0115;011;20150102080000;20150102080000
36449814;0;1128631048;0;0;0115;013;20150102080000;20150102080000
36498604;1;1139060222;;;;;;20150102080000
36507856;0;1139060222;0;0;0115;011;20150102080000;20150102080000
28122796;1;1159343462;;;;;;20150102080001
34856334;1;1137256117;;;;;;20150102080001
36390496;0;11930168023;0;0;0321;014;20150102080000;20150102080000
36507836;0;1144412185;0;0;0115;011;20150102080000;20150102080000
32172539;1;1120107545;;;;;;20150102080001
31350961;1;1136953699;;;;;;20150102080001
36455519;0;11942064063;0;0;0321;014;20150102080000;20150102080000
34869522;1;1130512055;;;;;;20150102080001
26320742;1;1142313806;;;;;;20150102080001
36450752;0;1128292357;0;0;0123;203;20150102080000;20150102080000
36507845;0;1139744937;0;0;0115;011;20150102080000;20150102080000
36453667;0;1134412969;0;0;0115;011;20150102080000;20150102080000
36471720;0;1124273121;0;0;0115;011;20150102080000;20150102080000
4163301;1;1156784203;;;;;;20150102080001
36449659;0;11941468002;0;0;0321;014;20150102080000;20150102080000
20536409;1;1120833326;;;;;;20150102080001
28477637;1;1122832796;;;;;;20150102080001
36450351;0;1126139063;0;0;0115;011;20150102080000;20150102080000
36423278;0;1135692930;0;0;0115;011;20150102080000;20150102080000
10701401;1;1122641015;;;;;;20150102080001
15808178;1;1122407523;;;;;;20150102080001
9453552;1;1149722710;;;;;;20150102080000
36457906;0;1149722710;0;0;0125;146;20150102080000;20150102080000
36460232;0;1128888365;0;0;0115;011;20150102080000;20150102080000
36468847;0;1143160264;0;0;0115;013;20150102080000;20150102080000
29003367;1;1136021104;;;;;;20150102080000
36450149;0;1136021104;0;0;0125;100;20150102080000;20150102080000
26715726;1;1136596963;;;;;;20150102080001
36449601;0;1125325535;0;0;0115;011;20150102080000;20150102080000
36449792;0;11942671636;0;0;0321;014;20150102080000;20150102080000
22821745;1;1143523755;;;;;;20150102080000
36463881;0;1143523755;0;0;0125;146;20150102080000;20150102080000
36450462;0;1143210529;0;0;0115;011;20150102080000;20150102080000
36457698;0;1150410984;0;0;0125;100;20150102080000;20150102080000
36448683;0;1125065731;0;0;0115;011;20150102080000;20150102080000
23994430;1;1120714613;;;;;;20150102080001
36460624;0;1129241159;0;0;0115;011;20150102080000;20150102080000
17528765;1;1142320261;;;;;;20150102080001
36417493;0;11948540222;0;0;0321;014;20150102080001;20150102080001
36457089;0;1143819202;0;0;0115;013;20150102080000;20150102080000
27676432;1;1125126999;;;;;;20150102080002
25455895;1;1140572741;;;;;;20150102080002
36449385;0;1135339136;0;0;0115;013;20150102080000;20150102080000
13560918;1;1137819735;;;;;;20150102080002
36423439;0;11948275563;0;0;0321;014;20150102080000;20150102080000
36328484;1;1144162953;;;;;;20150102080002
36460225;0;1123783726;0;0;0115;013;20150102080000;20150102080000
875634;1;1122947358;;;;;;20150102080002
36467661;0;1126396857;0;0;0115;011;20150102080000;20150102080000
36452104;0;1128030723;0;0;0115;011;20150102080000;20150102080000
36211917;1;1144571933;;;;;;20150102080002
34332057;1;11949050398;;;;;;20150102080001
36471074;0;11949050398;0;0;0302;957;20150102080001;20150102080001
36437062;0;11948513595;0;0;0320;010;20150102080001;20150102080001
33255777;1;1128011750;;;;;;20150102080000
36460572;0;1128011750;0;0;0115;011;20150102080000;20150102080000
3563951;1;1145961610;;;;;;20150102080002
36467317;0;11948609384;0;0;0321;014;20150102080001;20150102080001
36450409;0;1146553067;0;0;0125;100;20150102080000;20150102080000
36468298;0;11949831044;0;0;0321;014;20150102080001;20150102080001
18094174;1;1136212219;;;;;;20150102080002
36450581;0;1135936401;0;0;0125;146;20150102080000;20150102080000
36449253;0;11949784262;0;0;0351;823;20150102080001;20150102080001
25357696;1;1149642862;;;;;;20150102080000
36471618;0;1127723361;0;0;0115;011;20150102080000;20150102080000
36469064;0;1149642862;0;0;0115;011;20150102080000;20150102080000
14666067;1;1145337308;;;;;;20150102080002
36449619;0;11952000900;0;0;0321;014;20150102080001;20150102080001
25404379;1;11953448999;;;;;;20150102080001
36451942;0;11953448999;0;0;0351;823;20150102080001;20150102080001
36469921;0;11953039021;0;0;0351;823;20150102080001;20150102080001
22570185;1;11954254000;;;;;;20150102080001
36410018;0;11954254000;0;0;0321;014;20150102080001;20150102080001
29124315;1;11953901911;;;;;;20150102080001
36459846;0;1125284732;0;0;0115;011;20150102080000;20150102080000
36444016;0;11953901911;0;0;0351;823;20150102080001;20150102080001
36255554;1;1142011868;;;;;;20150102080002
11900479;1;1141231455;;;;;;20150102080002
36456370;0;1137059004;0;0;0115;013;20150102080000;20150102080000
36457090;0;1134920687;0;0;0115;011;20150102080000;20150102080000
36461579;0;1145636313;0;0;0115;011;20150102080000;20150102080000
36459715;0;1137741371;0;0;0115;011;20150102080000;20150102080000
36463910;0;1138078835;0;0;0115;011;20150102080000;20150102080000
36456101;0;1147428783;0;0;0125;146;20150102080000;20150102080000
8250717;1;1129160944;;;;;;20150102080002
36462639;0;1128935918;0;0;0115;011;20150102080000;20150102080000
36439709;0;1127599329;0;0;0125;146;20150102080000;20150102080000
36471741;0;1125035442;0;0;0115;011;20150102080000;20150102080000
18029100;1;1124689834;;;;;;20150102080003
13744554;1;1158449351;;;;;;20150102080003
36449425;0;1149022541;0;0;0115;013;20150102080000;20150102080000
26457442;1;1144258051;;;;;;20150102080003
36466015;0;1143921942;0;0;0125;146;20150102080000;20150102080000
36438785;0;1139074053;0;0;0125;146;20150102080000;20150102080000
36449722;0;1138078468;0;0;0115;011;20150102080000;20150102080000
36453876;0;1132973626;0;0;0115;011;20150102080000;20150102080000
36448692;0;1125065734;0;0;0115;011;20150102080000;20150102080000
29537916;1;1124988368;;;;;;20150102080003
19770475;1;1122271921;;;;;;20150102080003
36194541;1;1146775191;;;;;;20150102080003
36469684;0;1127659934;0;0;0115;013;20150102080000;20150102080000
36468972;0;11950755189;0;0;0321;014;20150102080001;20150102080001
36289230;1;1126365482;;;;;;20150102080003
18119524;1;1125567550;;;;;;20150102080003
15631053;1;1123551736;;;;;;20150102080000
36469727;0;1123551736;0;0;0115;013;20150102080000;20150102080000
36470164;0;11950478914;0;0;0321;014;20150102080001;20150102080001
36442027;0;11949832304;0;0;0321;014;20150102080001;20150102080001
36452114;0;1143175637;0;0;0125;146;20150102080000;20150102080000
36462361;0;1139072689;0;0;0125;146;20150102080000;20150102080000
36458083;0;1138761428;0;0;0115;011;20150102080000;20150102080000
14012973;1;1136891690;;;;;;20150102080003
11732388;1;1132773253;;;;;;20150102080003
36462807;0;1129376624;0;0;0125;100;20150102080000;20150102080000
36159076;1;1126826595;;;;;;20150102080003
36449444;0;1123035865;0;0;0125;100;20150102080000;20150102080000
31285135;1;1140482462;;;;;;20150102080003
21087531;1;1138013125;;;;;;20150102080003
36458508;0;1123382029;0;0;0115;011;20150102080000;20150102080000
36468428;0;1123255567;0;0;0115;013;20150102080000;20150102080000
36498452;1;1146572498;;;;;;20150102080000
36507853;0;1146572498;0;0;0115;011;20150102080000;20150102080000
11281645;1;1124213970;;;;;;20150102080003
654327;1;1141231019;;;;;;20150102080003
36459796;0;1135350305;0;0;0115;011;20150102080000;20150102080000
36469411;0;1149662010;0;0;0115;011;20150102080000;20150102080000
36446945;0;1135672901;0;0;0115;011;20150102080000;20150102080000
36452337;0;1128625050;0;0;0115;011;20150102080000;20150102080000
36451647;0;1128520097;0;0;0115;013;20150102080000;20150102080000
9353405;1;1150846900;;;;;;20150102080003
10654062;1;1150589349;;;;;;20150102080003
11460909;1;1145781272;;;;;;20150102080003
36470833;0;1134952125;0;0;0115;011;20150102080000;20150102080000
36424130;0;1135692752;0;0;0115;011;20150102080000;20150102080000
8784048;1;1141222567;;;;;;20150102080003
36468095;0;11942243353;0;0;0351;823;20150102080000;20150102080000
15523783;1;1129391792;;;;;;20150102080003
31898065;1;1156312268;;;;;;20150102080003
25327039;1;1126746906;;;;;;20150102080003
36463864;0;11955779320;0;0;0321;014;20150102080001;20150102080001
36455357;0;11952517629;0;0;0321;014;20150102080001;20150102080001
36466590;0;1147425775;0;0;0125;146;20150102080000;20150102080000
32103285;1;1129677988;;;;;;20150102080003
36456954;0;11952819941;0;0;0321;014;20150102080001;20150102080001
36317334;0;11952874593;0;0;0321;014;20150102080001;20150102080001
36467250;0;11946735077;0;0;0351;823;20150102080000;20150102080000
36449280;0;1134465594;0;0;0125;100;20150102080000;20150102080000
5277425;1;1142380853;;;;;;20150102080004
36459156;0;1134388528;0;0;0115;011;20150102080000;20150102080000
36401715;0;11943434648;0;0;0321;014;20150102080000;20150102080000
36445483;0;11947526707;0;0;0321;014;20150102080000;20150102080000
36369420;0;11943111762;0;0;0321;014;20150102080000;20150102080000
36458155;0;11957816820;0;0;0321;014;20150102080001;20150102080001
36453683;0;11957867173;0;0;0351;823;20150102080001;20150102080001
24022331;1;11954621882;;;;;;20150102080001
36427366;0;11954621882;0;0;0320;010;20150102080001;20150102080001
26199675;1;11954695155;;;;;;20150102080001
36459575;0;11954695155;0;0;0351;823;20150102080001;20150102080001
24022455;1;11954621898;;;;;;20150102080001
36427481;0;11954621898;0;0;0320;010;20150102080001;20150102080001
36466313;0;11953951561;0;0;0321;014;20150102080001;20150102080001
36451853;0;11956082548;0;0;0321;014;20150102080001;20150102080001
36427414;0;11967990077;0;0;0321;014;20150102080002;20150102080002
36467936;0;11954467842;0;0;0321;014;20150102080001;20150102080001
36452441;0;11954503205;0;0;0321;014;20150102080001;20150102080001
36460166;0;11954351435;0;0;0321;014;20150102080001;20150102080001
33193702;1;11981079675;;;;;;20150102080003
36438517;0;11981079675;0;0;0320;010;20150102080003;20150102080003
36468933;0;11955508910;0;0;0321;014;20150102080001;20150102080001
31300195;1;11954830000;;;;;;20150102080001
36455475;0;11954830000;0;0;0351;823;20150102080001;20150102080001
36459519;0;11981182297;0;0;0321;014;20150102080003;20150102080003
36453193;0;11956577284;0;0;0321;014;20150102080001;20150102080001
36418005;0;11958794457;0;0;0302;957;20150102080001;20150102080001
36471436;0;11958585838;0;0;0321;014;20150102080001;20150102080001
35581255;1;11977889024;;;;;;20150102080003
36471507;0;11977889024;0;0;0320;010;20150102080003;20150102080003
36468662;0;11964363717;0;0;0351;823;20150102080002;20150102080002
36456943;0;11964246808;0;0;0321;014;20150102080002;20150102080002
30698484;1;11964238482;;;;;;20150102080002
36458242;0;11964238482;0;0;0321;014;20150102080002;20150102080002
36463785;0;11963844343;0;0;0341;411;20150102080002;20150102080002
36453072;0;11970378215;0;0;0321;014;20150102080002;20150102080002
36438302;0;11964413992;0;0;0320;010;20150102080002;20150102080002
36461920;0;11963975747;0;0;0321;014;20150102080002;20150102080002
36453152;0;11964248922;0;0;0321;014;20150102080002;20150102080002
34854869;1;11964923683;;;;;;20150102080002
36471803;0;11964923683;0;0;0302;957;20150102080002;20150102080002
28689210;1;11981116572;;;;;;20150102080004
36455960;0;11966658833;0;0;0351;823;20150102080002;20150102080002
36460917;0;11981835689;0;0;0302;957;20150102080003;20150102080003
31367032;1;11963144208;;;;;;20150102080004
36459751;0;11959922185;0;0;0321;014;20150102080002;20150102080002
36449412;0;11959135855;0;0;0321;014;20150102080001;20150102080001
36471300;0;11979578607;0;0;0321;014;20150102080003;20150102080003
36449072;0;11979554095;0;0;0321;014;20150102080003;20150102080003
36460321;0;11977604446;0;0;0351;823;20150102080003;20150102080003
36467757;0;11962638056;0;0;0321;014;20150102080002;20150102080002
36465437;0;11964568742;0;0;0321;014;20150102080002;20150102080002
36451037;0;11958400001;0;0;0351;823;20150102080001;20150102080001
36450740;0;11983533737;0;0;0321;014;20150102080003;20150102080003
22504902;1;11982721228;;;;;;20150102080003
36457125;0;11982721228;0;0;0321;014;20150102080003;20150102080003
36455363;0;11964362541;0;0;0321;014;20150102080002;20150102080002
36450394;0;11958478635;0;0;0321;014;20150102080001;20150102080001
36369657;0;11962970421;0;0;0321;014;20150102080002;20150102080002
36462579;0;11981009798;0;0;0351;823;20150102080003;20150102080003
36450918;0;11964732969;0;0;0321;014;20150102080002;20150102080002
13408569;1;11964965020;;;;;;20150102080002
36459572;0;11964965020;0;0;0321;014;20150102080002;20150102080002
27788173;1;11965252894;;;;;;20150102080002
36453138;0;11965252894;0;0;0321;014;20150102080002;20150102080002
36457696;0;11962281839;0;0;0321;014;20150102080002;20150102080002
36469565;0;11961795770;0;0;0302;957;20150102080002;20150102080002
36465114;0;11965646339;0;0;0321;014;20150102080002;20150102080002
8983187;1;11965322778;;;;;;20150102080002
36469818;0;11965322778;0;0;0321;014;20150102080002;20150102080002
36450269;0;11965209275;0;0;0351;823;20150102080002;20150102080002
36466583;0;11984561399;0;0;0321;014;20150102080004;20150102080004
33845596;1;11965875525;;;;;;20150102080002
36456083;0;11965875525;0;0;0351;823;20150102080002;20150102080002
26410191;1;11965870033;;;;;;20150102080005
36455962;0;11966678855;0;0;0351;823;20150102080002;20150102080002
36450293;0;11965413799;0;0;0351;823;20150102080002;20150102080002
36451822;0;11984575077;0;0;0321;014;20150102080004;20150102080004
36462465;0;11981312282;0;0;0321;014;20150102080003;20150102080003
27017096;1;11976407639;;;;;;20150102080005
36462257;0;11980970602;0;0;0351;823;20150102080003;20150102080003
36350187;0;11981463514;0;0;0320;010;20150102080003;20150102080003
36470050;0;11982351854;0;0;0321;014;20150102080003;20150102080003
36452078;0;11981018889;0;0;0321;014;20150102080003;20150102080003
36469070;0;11969995983;0;0;0320;010;20150102080002;20150102080002
36438820;0;11981273272;0;0;0320;010;20150102080003;20150102080003
2027405;1;11970849131;;;;;;20150102080005
36460447;0;11981225314;0;0;0321;014;20150102080003;20150102080003
25739839;1;11984434855;;;;;;20150102080004
36272459;0;11984434855;0;0;0321;014;20150102080004;20150102080004
14040412;1;11969943003;;;;;;20150102080002
36463051;0;11969943003;0;0;0321;014;20150102080002;20150102080002
36437258;0;11969008910;0;0;0321;014;20150102080002;20150102080002
36419522;0;11971327664;0;0;0321;014;20150102080002;20150102080002
36427229;0;11983023479;0;0;0320;010;20150102080003;20150102080003
36455297;0;11983039959;0;0;0321;014;20150102080003;20150102080003
36454520;0;11984817112;0;0;0321;014;20150102080004;20150102080004
36471333;0;11969506767;0;0;0321;014;20150102080002;20150102080002
36453000;0;11982835992;0;0;0321;014;20150102080003;20150102080003
36457726;0;11970337023;0;0;0351;823;20150102080002;20150102080002
36458807;0;11969958521;0;0;0321;014;20150102080002;20150102080002
36461866;0;11971135120;0;0;0321;014;20150102080002;20150102080002
29448446;1;11983318233;;;;;;20150102080003
36459581;0;11983318233;0;0;0321;014;20150102080003;20150102080003
36455544;0;11983215938;0;0;0321;014;20150102080003;20150102080003
36455825;0;11983262602;0;0;0302;957;20150102080003;20150102080003
36456307;0;11984048504;0;0;0321;014;20150102080004;20150102080004
36470128;0;11983649251;0;0;0302;957;20150102080003;20150102080003
36450589;0;11970902150;0;0;0321;014;20150102080002;20150102080002
36433211;0;11968303204;0;0;0320;010;20150102080002;20150102080002
36350188;0;11984730713;0;0;0320;010;20150102080004;20150102080004
36453108;0;11981996131;0;0;0321;014;20150102080003;20150102080003
36468923;0;11983774709;0;0;0321;014;20150102080003;20150102080003
36450414;0;11971894981;0;0;0321;014;20150102080002;20150102080002
36004143;0;11983799742;0;0;0320;010;20150102080003;20150102080003
23356872;1;11971540003;;;;;;20150102080002
36456081;0;11971540003;0;0;0321;014;20150102080002;20150102080002
36451885;0;11983147065;0;0;0321;014;20150102080003;20150102080003
36462520;0;11983092339;0;0;0302;957;20150102080003;20150102080003
35631043;1;11958664396;;;;;;20150102080001
36471505;0;11958664396;0;0;0320;010;20150102080001;20150102080001
25982991;1;11981417053;;;;;;20150102080003
36458476;0;11981417053;0;0;0321;014;20150102080003;20150102080003
36434543;0;11982323206;0;0;0320;010;20150102080003;20150102080003
36457124;0;11982713296;0;0;0321;014;20150102080003;20150102080003
36453118;0;11981772881;0;0;0321;014;20150102080003;20150102080003
36449708;0;11984203577;0;0;0302;957;20150102080004;20150102080004
36457105;0;11984330099;0;0;0321;014;20150102080004;20150102080004
36446212;0;11984317949;0;0;0321;014;20150102080004;20150102080004
36164195;1;11984310830;;;;;;20150102080004
36453473;0;11984310830;0;0;0321;014;20150102080004;20150102080004
36461931;0;11980970603;0;0;0351;823;20150102080003;20150102080003
36449516;0;11980572172;0;0;0302;957;20150102080003;20150102080003
33193197;1;11981018216;;;;;;20150102080003
36461582;0;11981018216;0;0;0302;957;20150102080003;20150102080003
36466782;0;11980727280;0;0;0302;957;20150102080003;20150102080003
36311061;0;11975168300;0;0;0321;014;20150102080003;20150102080003
36466957;0;11977665170;0;0;0321;014;20150102080003;20150102080003
36467548;0;11970432312;0;0;0321;014;20150102080002;20150102080002
14183704;1;11976989073;;;;;;20150102080003
36452230;0;11976989073;0;0;0351;823;20150102080003;20150102080003
34590569;1;11974449394;;;;;;20150102080002
36406157;0;11974449394;0;0;0321;014;20150102080002;20150102080002
36470614;0;11972656732;0;0;0351;823;20150102080002;20150102080002
36463210;0;11981441299;0;0;0321;014;20150102080003;20150102080003
36467823;0;11975772705;0;0;0321;014;20150102080003;20150102080003
36467931;0;11974568979;0;0;0321;014;20150102080002;20150102080002
36471353;0;11986163226;0;0;0321;014;20150102080004;20150102080004
33094552;1;11984991861;;;;;;20150102080004
36466504;0;11984991861;0;0;0321;014;20150102080004;20150102080004
23772784;1;11980644326;;;;;;20150102080003
36457292;0;11980644326;0;0;0321;014;20150102080003;20150102080003
36446659;0;11984902614;0;0;0321;014;20150102080004;20150102080004
36470355;0;11984954425;0;0;0320;010;20150102080004;20150102080004
36465120;0;11985152311;0;0;0321;014;20150102080004;20150102080004
36471628;0;11959701352;0;0;0321;014;20150102080002;20150102080002
36418221;0;11981624510;0;0;0321;014;20150102080003;20150102080003
36435922;0;11960643500;0;0;0320;010;20150102080002;20150102080002
36449369;0;11959680602;0;0;0321;014;20150102080001;20150102080001
36443810;0;11959446338;0;0;0321;014;20150102080001;20150102080001
36440648;0;11961028553;0;0;0321;014;20150102080002;20150102080002
36448902;0;11960401417;0;0;0321;014;20150102080002;20150102080002
36236441;0;11985001957;0;0;0321;014;20150102080004;20150102080004
16619452;1;11961562656;;;;;;20150102080002
36471667;0;11961562656;0;0;0351;823;20150102080002;20150102080002
36419387;0;11982053946;0;0;0321;014;20150102080003;20150102080003
9568765;1;11976361880;;;;;;20150102080006
36419727;0;11981990963;0;0;0321;014;20150102080003;20150102080003
36464102;0;11972536908;0;0;0321;014;20150102080002;20150102080002
36468199;0;11982474182;0;0;0351;823;20150102080003;20150102080003
36459295;0;11972002976;0;0;0321;014;20150102080002;20150102080002
36463179;0;11975326899;0;0;0351;823;20150102080003;20150102080003
36440649;0;11980329906;0;0;0321;014;20150102080003;20150102080003
1080457;1;11972457133;;;;;;20150102080002
36467267;0;11972457133;0;0;0351;823;20150102080002;20150102080002
31944035;1;11972437487;;;;;;20150102080002
36463592;0;11972437487;0;0;0351;823;20150102080002;20150102080002
36467126;0;11974747595;0;0;0321;014;20150102080002;20150102080002
36456851;0;11972115678;0;0;0321;014;20150102080002;20150102080002
36438458;0;11972334600;0;0;0321;014;20150102080002;20150102080002
36462439;0;11985046352;0;0;0321;014;20150102080004;20150102080004
36471796;0;11976316727;0;0;0302;957;20150102080003;20150102080003
36447009;0;11975469043;0;0;0321;014;20150102080003;20150102080003
36457661;0;11974162966;0;0;0351;823;20150102080002;20150102080002
36466811;0;11985356504;0;0;0351;823;20150102080004;20150102080004
36463913;0;11975492992;0;0;0351;823;20150102080003;20150102080003
36433538;0;11987977021;0;0;0320;010;20150102080005;20150102080005
32150675;1;11985331533;;;;;;20150102080004
36457113;0;11985331533;0;0;0321;014;20150102080004;20150102080004
36459384;0;11982688343;0;0;0321;014;20150102080003;20150102080003
36449132;0;11976553396;0;0;0302;957;20150102080003;20150102080003
36457586;0;11982534489;0;0;0321;014;20150102080003;20150102080003
36455250;0;11974790180;0;0;0321;014;20150102080002;20150102080002
36462203;0;11987399366;0;0;0321;014;20150102080004;20150102080004
36467427;0;11982374649;0;0;0321;014;20150102080003;20150102080003
36469746;0;11986747374;0;0;0321;014;20150102080004;20150102080004
36466219;0;11986743454;0;0;0351;823;20150102080004;20150102080004
36458054;0;11971448085;0;0;0321;014;20150102080002;20150102080002
36417146;0;11985331766;0;0;0321;014;20150102080004;20150102080004
36462707;0;11985368687;0;0;0321;014;20150102080004;20150102080004
36470807;0;11987216422;0;0;0320;010;20150102080004;20150102080004
36344971;0;11973176789;0;0;0321;014;20150102080002;20150102080002
36233932;0;11975655111;0;0;0321;014;20150102080003;20150102080003
36471789;0;11976081080;0;0;0302;957;20150102080003;20150102080003
36458009;0;11985601239;0;0;0321;014;20150102080004;20150102080004
36463363;0;11997271134;0;0;0321;014;20150102080006;20150102080006
36453318;0;11976899922;0;0;0351;823;20150102080003;20150102080003
30723899;1;11976913117;;;;;;20150102080007
36470308;0;11973473060;0;0;0321;014;20150102080002;20150102080002
36467434;0;11974379220;0;0;0321;014;20150102080002;20150102080002
14183629;1;11976248354;;;;;;20150102080003
36452227;0;11976248354;0;0;0351;823;20150102080003;20150102080003
906831;1;11973620283;;;;;;20150102080002
36467868;0;11973620283;0;0;0351;823;20150102080002;20150102080002
36457838;0;11985601241;0;0;0321;014;20150102080004;20150102080004
36471209;0;11985696481;0;0;0321;014;20150102080004;20150102080004
35935895;1;11985819632;;;;;;20150102080004
36450822;0;11985819632;0;0;0321;014;20150102080004;20150102080004
36443720;0;11985699222;0;0;0302;957;20150102080004;20150102080004
36427564;0;11987333424;0;0;0320;010;20150102080004;20150102080004
11345929;1;11996070885;;;;;;20150102080007
36449146;0;11986370933;0;0;0321;014;20150102080004;20150102080004
36456358;0;11986445913;0;0;0302;957;20150102080004;20150102080004
36459745;0;11995670887;0;0;0321;014;20150102080005;20150102080005
25569930;1;11987794911;;;;;;20150102080005
36470192;0;11987794911;0;0;0321;014;20150102080005;20150102080005
30649927;1;11994028079;;;;;;20150102080007
36452416;0;11986448188;0;0;0321;014;20150102080004;20150102080004
36471403;0;11993896060;0;0;0302;957;20150102080005;20150102080005
27810859;1;11993978927;;;;;;20150102080007
36467428;0;11986355010;0;0;0321;014;20150102080004;20150102080004
36465646;0;11987517672;0;0;0321;014;20150102080005;20150102080005
36445088;0;11986715382;0;0;0321;014;20150102080004;20150102080004
36451766;0;11987727355;0;0;0321;014;20150102080005;20150102080005
36461414;0;11988314889;0;0;0351;823;20150102080005;20150102080005
14195853;1;11997336012;;;;;;20150102080006
36468412;0;11997336012;0;0;0321;014;20150102080006;20150102080006
36436249;0;11992857651;0;0;0320;010;20150102080005;20150102080005
14336637;1;11988393557;;;;;;20150102080007
36401541;0;11995983038;0;0;0341;411;20150102080005;20150102080005
36468510;0;11986834244;0;0;0321;014;20150102080004;20150102080004
36462497;0;11986155855;0;0;0302;957;20150102080004;20150102080004
8893357;1;11996370888;;;;;;20150102080005
36468564;0;11996370888;0;0;0321;014;20150102080005;20150102080005
36453074;0;11987414505;0;0;0321;014;20150102080005;20150102080005
36469110;0;11998959897;0;0;0302;957;20150102080006;20150102080006
36461921;0;11995483557;0;0;0321;014;20150102080005;20150102080005
36463362;0;11996559528;0;0;0321;014;20150102080005;20150102080005
36434665;0;11996626175;0;0;0321;014;20150102080005;20150102080005
36464020;0;11996601722;0;0;0321;014;20150102080005;20150102080005
36462762;0;11993629381;0;0;0351;823;20150102080005;20150102080005
17213149;1;11997383719;;;;;;20150102080006
36470852;0;11997383719;0;0;0321;014;20150102080006;20150102080006
36451673;0;11994494235;0;0;0351;823;20150102080005;20150102080005
29316238;1;11994467145;;;;;;20150102080007
36459909;0;11997066998;0;0;0351;823;20150102080006;20150102080006
36460347;0;11995225866;0;0;0351;823;20150102080005;20150102080005
17660226;1;11988067316;;;;;;20150102080008
1924209;1;11993153317;;;;;;20150102080008
19203308;1;11993261632;;;;;;20150102080005
36471810;0;11993261632;0;0;0302;957;20150102080005;20150102080005
36471811;0;11994688676;0;0;0302;957;20150102080005;20150102080005
36450073;0;11993531742;0;0;0351;823;20150102080005;20150102080005
36471547;0;11988122725;0;0;0351;823;20150102080005;20150102080005
24610627;1;11993366000;;;;;;20150102080005
36335374;0;11993366000;0;0;0321;014;20150102080005;20150102080005
36459713;0;11992885993;0;0;0351;823;20150102080005;20150102080005
19508752;1;11988160373;;;;;;20150102080008
25368961;1;11991944210;;;;;;20150102080008
36397895;0;11997150397;0;0;0321;014;20150102080006;20150102080006
36452788;0;11998491744;0;0;0321;014;20150102080006;20150102080006
25514545;1;11999017671;;;;;;20150102080008
36459921;0;11999120586;0;0;0321;014;20150102080006;20150102080006
36471764;0;11999552068;0;0;0302;957;20150102080006;20150102080006
36440394;0;11995920824;0;0;0321;014;20150102080005;20150102080005
36468584;0;11999431309;0;0;0321;014;20150102080006;20150102080006
36463364;0;11997787868;0;0;0321;014;20150102080006;20150102080006
2094319;1;11999025887;;;;;;20150102080008
36471823;0;11999113264;0;0;0302;957;20150102080006;20150102080006
36447297;0;11997758504;0;0;0351;823;20150102080006;20150102080006
36451636;0;11997775299;0;0;0321;014;20150102080006;20150102080006
36401281;0;11998085242;0;0;0302;957;20150102080006;20150102080006
15598359;1;11988576224;;;;;;20150102080008
36368561;0;11996759223;0;0;0321;014;20150102080006;20150102080006
29450627;1;11992239200;;;;;;20150102080005
36459670;0;11992239200;0;0;0321;014;20150102080005;20150102080005
30703184;1;11992760354;;;;;;20150102080008
10624672;1;11994508337;;;;;;20150102080008
36452999;0;11995120888;0;0;0321;014;20150102080005;20150102080005
36256784;0;11996815798;0;0;0321;014;20150102080006;20150102080006
36462511;0;11988658529;0;0;0351;823;20150102080005;20150102080005
11154267;1;11994985214;;;;;;20150102080008
36451555;0;11999597740;0;0;0321;014;20150102080006;20150102080006
36459007;0;11995323060;0;0;0321;014;20150102080005;20150102080005
36468951;0;11999658292;0;0;0351;823;20150102080006;20150102080006
24747507;1;11992590859;;;;;;20150102080005
36471442;0;11992590859;0;0;0351;823;20150102080005;20150102080005
14183596;1;11989543236;;;;;;20150102080005
36452228;0;11989543236;0;0;0351;823;20150102080005;20150102080005
36451236;0;11997782328;0;0;0302;957;20150102080006;20150102080006
36466859;0;11998102127;0;0;0321;014;20150102080006;20150102080006
36413762;0;11997881025;0;0;0321;014;20150102080006;20150102080006
36458392;0;11995412945;0;0;0302;957;20150102080005;20150102080005
30705742;1;11995915449;;;;;;20150102080005
36466342;0;11995915449;0;0;0341;411;20150102080005;20150102080005
33747312;1;1532110170;;;;;;20150102080008
6410639;1;1333833856;;;;;;20150102080008
36468474;0;1330287379;0;0;0115;011;20150102080007;20150102080007
36445226;0;1432324105;0;0;0125;100;20150102080007;20150102080007
19146992;1;1432223953;;;;;;20150102080007
36440708;0;1432223953;0;0;0125;100;20150102080007;20150102080007
36456452;0;1432411078;0;0;0115;011;20150102080007;20150102080007
36469709;0;11998142831;0;0;0351;823;20150102080006;20150102080006
36446630;0;12992378669;0;0;0351;823;20150102080007;20150102080007
13102772;1;11997734028;;;;;;20150102080006
36431820;0;11997734028;0;0;0351;823;20150102080006;20150102080006
36457984;0;1432433828;0;0;0125;100;20150102080007;20150102080007
27421732;1;1438137762;;;;;;20150102080009
36466907;0;11996815878;0;0;0321;014;20150102080006;20150102080006
36454541;0;11997624722;0;0;0321;014;20150102080006;20150102080006
36465918;0;11999951408;0;0;0351;823;20150102080006;20150102080006
36459582;0;11998218233;0;0;0321;014;20150102080006;20150102080006
36441756;0;1432324398;0;0;0125;100;20150102080007;20150102080007
36468914;0;11997152448;0;0;0321;014;20150102080006;20150102080006
36470907;0;11997268636;0;0;0351;823;20150102080006;20150102080006
36451466;0;12981240743;0;0;0321;017;20150102080006;20150102080006
13329738;1;11998387307;;;;;;20150102080006
36455833;0;11998387307;0;0;0321;014;20150102080006;20150102080006
36451814;0;11998464405;0;0;0321;014;20150102080006;20150102080006
36453835;0;11996906284;0;0;0351;823;20150102080006;20150102080006
36446665;0;12981341230;0;0;0351;823;20150102080006;20150102080006
36465610;0;11997174266;0;0;0321;014;20150102080006;20150102080006
36401542;0;11997546753;0;0;0341;411;20150102080006;20150102080006
30888249;1;15981752662;;;;;;20150102080007
36465482;0;15981752662;0;0;0321;017;20150102080007;20150102080007
36450275;0;13988558135;0;0;0321;017;20150102080007;20150102080007
28079870;1;1532473184;;;;;;20150102080009
36401543;0;11998163034;0;0;0341;411;20150102080006;20150102080006
3638677;1;11997533174;;;;;;20150102080006
36453109;0;11997533174;0;0;0321;014;20150102080006;20150102080006
36463634;0;11996916503;0;0;0321;014;20150102080006;20150102080006
36454307;0;11997426634;0;0;0321;014;20150102080006;20150102080006
36470587;0;11999969133;0;0;0351;823;20150102080006;20150102080006
36459671;0;11999881883;0;0;0321;014;20150102080006;20150102080006
14337876;1;11998343489;;;;;;20150102080006
36467136;0;11998343489;0;0;0321;014;20150102080006;20150102080006
36312217;0;1634325434;0;0;0112;025;20150102080008;20150102080008
24284402;1;1332191755;;;;;;20150102080009
36451915;0;13996629903;0;0;0341;411;20150102080007;20150102080007
28737028;1;1239348323;;;;;;20150102080009
36469798;0;11995537034;0;0;0321;014;20150102080005;20150102080005
36469045;0;13997295382;0;0;0351;823;20150102080007;20150102080007
36449276;0;1430252766;0;0;0115;011;20150102080007;20150102080007
36468980;0;12991913015;0;0;0351;823;20150102080007;20150102080007
36468380;0;14981449054;0;0;0321;017;20150102080007;20150102080007
36452574;0;14996438787;0;0;0321;017;20150102080007;20150102080007
4608705;1;1333723278;;;;;;20150102080010
36467005;0;15997451449;0;0;0321;017;20150102080007;20150102080007
36464244;0;15996681617;0;0;0321;017;20150102080007;20150102080007
30151986;1;1632344431;;;;;;20150102080007
36469100;0;1632344431;0;0;0115;016;20150102080007;20150102080007
36471334;0;1533464494;0;0;0115;011;20150102080007;20150102080007
14350318;1;1532217447;;;;;;20150102080010
36440547;0;1532175940;0;0;0125;100;20150102080007;20150102080007
36455564;0;15981853390;0;0;0321;017;20150102080007;20150102080007
36441836;0;1633247030;0;0;0125;100;20150102080007;20150102080007
36401610;0;11999764066;0;0;0321;014;20150102080006;20150102080006
36456295;0;12982824010;0;0;0321;017;20150102080006;20150102080006
36445538;0;1633245015;0;0;0125;100;20150102080007;20150102080007
36450998;0;15981107986;0;0;0321;017;20150102080007;20150102080007
32991729;1;12982080000;;;;;;20150102080006
36408221;0;12982080000;0;0;0321;017;20150102080006;20150102080006
36446504;0;1633322639;0;0;0125;100;20150102080007;20150102080007
36444976;0;1633391983;0;0;0125;100;20150102080008;20150102080008
36458564;0;12997180142;0;0;0321;017;20150102080007;20150102080007
11552131;1;1633662304;;;;;;20150102080010
36440471;0;1633373203;0;0;0125;100;20150102080007;20150102080007
30412324;1;12991994589;;;;;;20150102080010
35221462;1;1633373837;;;;;;20150102080010
36461493;0;12997720695;0;0;0321;017;20150102080007;20150102080007
36457636;0;12988267172;0;0;0321;017;20150102080006;20150102080006
36469737;0;12997078893;0;0;0321;017;20150102080007;20150102080007
36451339;0;1633298440;0;0;0125;100;20150102080007;20150102080007
36449694;0;1333230163;0;0;0115;011;20150102080007;20150102080007
18841454;1;1639427055;;;;;;20150102080010
36445061;0;11999896415;0;0;0321;014;20150102080006;20150102080006
1289478;1;1236813079;;;;;;20150102080010
22095797;1;1637012209;;;;;;20150102080010
36439770;0;1636269023;0;0;0125;100;20150102080008;20150102080008
36441416;0;1636153898;0;0;0125;100;20150102080008;20150102080008
36455232;0;1634415488;0;0;0125;100;20150102080008;20150102080008
36438461;0;15991895460;0;0;0320;010;20150102080007;20150102080007
36343122;0;1636210324;0;0;0125;100;20150102080008;20150102080008
36466701;0;13981333390;0;0;0321;017;20150102080007;20150102080007
30617758;1;15996589042;;;;;;20150102080010
36024173;0;15996981296;0;0;0321;017;20150102080007;20150102080007
31310716;1;19983538687;;;;;;20150102080009
36102270;0;19983538687;2;0;0331;399;20150102080009;20150102080009
36465736;0;15998282505;0;0;0321;017;20150102080007;20150102080007
36468994;0;12981585615;0;0;0351;823;20150102080006;20150102080006
36456006;0;12982824009;0;0;0321;017;20150102080006;20150102080006
33336613;1;1231257374;;;;;;20150102080010
36445540;0;12981006542;0;0;0321;017;20150102080006;20150102080006
36462756;0;12997182934;0;0;0321;017;20150102080007;20150102080007
36468501;0;13988155260;0;0;0321;017;20150102080007;20150102080007
36468500;0;1335685071;0;0;0125;100;20150102080007;20150102080007
33011807;1;1334735339;;;;;;20150102080010
36162948;1;1333953392;;;;;;20150102080007
36450425;0;1333953392;0;0;0115;011;20150102080007;20150102080007
36462339;0;13981168112;0;0;0321;017;20150102080007;20150102080007
24734575;1;13981679091;;;;;;20150102080007
36441928;0;13981679091;0;0;0351;823;20150102080007;20150102080007
34604943;1;13981471617;;;;;;20150102080007
36438222;0;13981471617;0;0;0320;010;20150102080007;20150102080007
16809080;1;13981299808;;;;;;20150102080007
36455947;0;13981299808;0;0;0321;017;20150102080007;20150102080007
28693959;1;1334663678;;;;;;20150102080011
36456471;0;12982824001;0;0;0321;017;20150102080006;20150102080006
36449714;0;1333073031;0;0;0115;011;20150102080007;20150102080007
17301187;1;1637225776;;;;;;20150102080011
34611075;1;1636308946;;;;;;20150102080011
36442688;0;1636214002;0;0;0125;100;20150102080008;20150102080008
31310715;1;19983538700;;;;;;20150102080009
36102271;0;19983538700;2;0;0331;399;20150102080009;20150102080009
36436838;0;19981760386;0;0;0320;010;20150102080009;20150102080009
36456109;0;1639762884;0;0;0125;100;20150102080008;20150102080008
36463338;0;19982188192;0;0;0321;017;20150102080009;20150102080009
36427304;0;19983328684;0;0;0320;010;20150102080009;20150102080009
28239563;1;19991601833;;;;;;20150102080009
36428899;0;19991601833;0;0;0351;823;20150102080009;20150102080009
18979596;1;1836448373;;;;;;20150102080011
36464426;0;21968805139;0;0;0351;824;20150102080010;20150102080010
36440530;0;19982920000;0;0;0321;017;20150102080009;20150102080009
36463245;0;19982188613;0;0;0321;017;20150102080009;20150102080009
20840122;1;16991340834;;;;;;20150102080011
36440531;0;19982980022;0;0;0321;017;20150102080009;20150102080009
7199094;1;1938640917;;;;;;20150102080011
36440529;0;19981003714;0;0;0321;017;20150102080009;20150102080009
32189314;1;1938447370;;;;;;20150102080011
33378642;1;1934425583;;;;;;20150102080011
36438077;0;19981816985;0;0;0320;010;20150102080009;20150102080009
15891305;1;1932337140;;;;;;20150102080011
36462315;0;17991640489;0;0;0320;010;20150102080008;20150102080008
36458483;0;1933848100;0;0;0115;011;20150102080009;20150102080009
36435579;0;19981737660;0;0;0351;823;20150102080009;20150102080009
29235757;1;19981226707;;;;;;20150102080009
36399277;0;19981226707;0;0;0351;823;20150102080009;20150102080009
12365587;1;1932725841;;;;;;20150102080011
36466584;0;18981107362;0;0;0321;017;20150102080008;20150102080008
36436680;0;19981760206;0;0;0320;010;20150102080009;20150102080009
36454384;0;18997825506;0;0;0321;017;20150102080008;20150102080008
36457742;0;18981298666;0;0;0321;017;20150102080008;20150102080008
30115395;1;1836216413;;;;;;20150102080011
5543203;1;1639753101;;;;;;20150102080011
32263298;1;21966161070;;;;;;20150102080010
36457462;0;21966161070;0;0;0351;824;20150102080010;20150102080010
36445330;0;1934387971;0;0;0125;100;20150102080009;20150102080009
9794870;1;1932685443;;;;;;20150102080009
36460598;0;1932685443;0;0;0125;100;20150102080009;20150102080009
35455548;1;1836219380;;;;;;20150102080011
28690537;1;1932894350;;;;;;20150102080011
36428519;0;1933834374;0;0;0115;011;20150102080009;20150102080009
32255452;1;1639663588;;;;;;20150102080011
36471759;0;21976166496;0;0;0351;824;20150102080010;20150102080010
36436144;0;2126589349;0;0;0215;921;20150102080010;20150102080010
36430337;0;19998622918;0;0;0351;823;20150102080009;20150102080009
6228654;1;1934414890;;;;;;20150102080011
36452290;0;1937047431;0;0;0115;011;20150102080009;20150102080009
35044512;1;21973896949;;;;;;20150102080011
36445400;0;1934354670;0;0;0125;100;20150102080009;20150102080009
35044601;1;21973901290;;;;;;20150102080011
31027965;1;16991275100;;;;;;20150102080012
13325039;1;1836224184;;;;;;20150102080012
36449050;0;1933254070;0;0;0115;011;20150102080009;20150102080009
36466586;0;1934324051;0;0;0125;100;20150102080009;20150102080009
36467904;0;1936457262;0;0;0115;011;20150102080009;20150102080009
36471713;0;21969842210;0;0;0351;824;20150102080010;20150102080010
36470298;0;1935030571;0;0;0115;011;20150102080009;20150102080009
36507863;0;1938093317;0;0;0115;011;20150102080009;20150102080009
8292565;1;1932698764;;;;;;20150102080009
36454284;0;1932698764;0;0;0125;100;20150102080009;20150102080009
36445227;0;1934321398;0;0;0125;100;20150102080009;20150102080009
36442943;0;19983851860;0;0;0321;017;20150102080009;20150102080009
36431170;0;19993688250;0;0;0351;823;20150102080009;20150102080009
36466664;0;19984096383;0;0;0321;017;20150102080009;20150102080009
36453008;0;16999668083;0;0;0321;017;20150102080008;20150102080008
36471511;0;17996228484;0;0;0321;017;20150102080008;20150102080008
36449278;0;21972469774;0;0;0321;018;20150102080010;20150102080010
30085972;1;16992193807;;;;;;20150102080012
36437863;0;19992266467;0;0;0320;010;20150102080009;20150102080009
32486879;1;17981370723;;;;;;20150102080008
36445609;0;17981370723;0;0;0321;017;20150102080008;20150102080008
36453722;0;1733011707;0;0;0115;011;20150102080008;20150102080008
36223765;0;16981227600;0;0;0321;017;20150102080008;20150102080008
35487866;1;16992230000;;;;;;20150102080012
36468969;0;21964672772;0;0;0321;018;20150102080010;20150102080010
35044580;1;21966111441;;;;;;20150102080012
36458465;0;21979293691;0;0;0321;018;20150102080010;20150102080010
36457884;0;19987304727;0;0;0302;957;20150102080009;20150102080009
36469726;0;19987066393;0;0;0351;823;20150102080009;20150102080009
36438668;0;19984386442;0;0;0321;017;20150102080009;20150102080009
36471777;0;19988205060;0;0;0302;957;20150102080009;20150102080009
36457585;0;19991402075;0;0;0341;411;20150102080009;20150102080009
27363062;1;21979230713;;;;;;20150102080010
36471431;0;21979230713;0;0;0302;956;20150102080010;20150102080010
36458524;0;21974190915;0;0;0320;020;20150102080010;20150102080010
36451434;0;21975784729;0;0;0351;824;20150102080010;20150102080010
24783756;1;21976045490;;;;;;20150102080010
36449314;0;21976045490;0;0;0351;824;20150102080010;20150102080010
36464531;0;21976577827;0;0;0351;824;20150102080010;20150102080010
1868239;1;21976205848;;;;;;20150102080010
36467203;0;21976205848;0;0;0351;824;20150102080010;20150102080010
35044631;1;21973908198;;;;;;20150102080012
36447000;0;21974190670;0;0;0351;824;20150102080010;20150102080010
36021987;0;21979840044;0;0;0320;020;20150102080011;20150102080011
36021999;0;21979840055;0;0;0320;020;20150102080011;20150102080011
36021984;0;21979840077;0;0;0320;020;20150102080011;20150102080011
36021997;0;21979840066;0;0;0320;020;20150102080011;20150102080011
36467115;0;21969999831;0;0;0320;020;20150102080010;20150102080010
36471785;0;19988205061;0;0;0302;957;20150102080009;20150102080009
36430341;0;19998623552;0;0;0351;823;20150102080009;20150102080009
36455314;0;21967558036;0;0;0321;018;20150102080010;20150102080010
36021995;0;21969620001;0;0;0320;020;20150102080010;20150102080010
30662385;1;21968316733;;;;;;20150102080010
36438450;0;21968316733;0;0;0320;020;20150102080010;20150102080010
36438534;0;21967079264;0;0;0351;824;20150102080010;20150102080010
27818746;1;21973806555;;;;;;20150102080010
36467189;0;21973806555;0;0;0351;824;20150102080010;20150102080010
36462231;0;21982455984;0;0;0351;824;20150102080011;20150102080011
36452279;0;21972240523;0;0;0351;824;20150102080010;20150102080010
36118815;0;21971951052;0;0;0331;321;20150102080010;20150102080010
36304324;0;21979077355;0;0;0321;018;20150102080010;20150102080010
36470271;0;21969132580;0;0;0321;018;20150102080010;20150102080010
36451584;0;21982944716;0;0;0321;018;20150102080011;20150102080011
36446980;0;21981524490;0;0;0351;824;20150102080011;20150102080011
36459158;0;21969258250;0;0;0321;018;20150102080010;20150102080010
36439712;0;21981232052;0;0;0321;018;20150102080011;20150102080011
36467860;0;21969146688;0;0;0321;018;20150102080010;20150102080010
36466309;0;21982754247;0;0;0321;018;20150102080011;20150102080011
28807459;1;21982930075;;;;;;20150102080011
36443852;0;21982930075;0;0;0351;824;20150102080011;20150102080011
36253213;0;21982011555;0;0;0321;018;20150102080011;20150102080011
33091067;1;19994110440;;;;;;20150102080013
34122868;1;19993538653;;;;;;20150102080009
36441581;0;19993538653;0;0;0351;823;20150102080009;20150102080009
36437391;0;21979228778;0;0;0320;020;20150102080010;20150102080010
27814094;1;21979820969;;;;;;20150102080010
36236021;0;21979820969;0;0;0321;018;20150102080010;20150102080010
36428755;0;19996569481;0;0;0351;823;20150102080009;20150102080009
36430660;0;19997555491;0;0;0351;823;20150102080009;20150102080009
36458949;0;19996762284;0;0;0351;823;20150102080009;20150102080009
14614002;1;19997478704;;;;;;20150102080009
36462277;0;19997478704;0;0;0321;017;20150102080009;20150102080009
36443404;0;21985889999;0;0;0351;824;20150102080011;20150102080011
36470346;0;21985647001;0;0;0351;824;20150102080011;20150102080011
36430344;0;19998487408;0;0;0351;823;20150102080009;20150102080009
36430449;0;19998252192;0;0;0351;823;20150102080009;20150102080009
36102275;0;19998322292;2;0;0331;399;20150102080009;20150102080009
36022001;0;21979840033;0;0;0320;020;20150102080011;20150102080011
36457776;0;19998198247;0;0;0321;017;20150102080009;20150102080009
28206760;1;21979821030;;;;;;20150102080011
36236023;0;21979821030;0;0;0321;018;20150102080011;20150102080011
36021996;0;21979840022;0;0;0320;020;20150102080011;20150102080011
36430450;0;19997738038;0;0;0351;823;20150102080009;20150102080009
36449974;0;21984808848;0;0;0351;824;20150102080011;20150102080011
36433043;0;21984202928;0;0;0320;020;20150102080011;20150102080011
36430343;0;19998281891;0;0;0351;823;20150102080009;20150102080009
36466932;0;2135473128;0;0;0125;101;20150102080010;20150102080010
36450059;0;2137346132;0;0;0125;101;20150102080010;20150102080010
36430336;0;19997677265;0;0;0351;823;20150102080009;20150102080009
36313841;1;21964278077;;;;;;20150102080010
36458137;0;21964278077;0;0;0321;018;20150102080010;20150102080010
36466067;0;19998849663;0;0;0321;017;20150102080009;20150102080009
36441976;0;19998888616;0;0;0321;017;20150102080009;20150102080009
36102272;0;19996491808;2;0;0331;399;20150102080009;20150102080009
36419773;0;2131194146;0;0;0215;921;20150102080009;20150102080009
36455565;0;19997197115;0;0;0321;017;20150102080009;20150102080009
36450125;0;2131469432;0;0;0125;101;20150102080010;20150102080010
36422276;0;2126196858;0;0;0125;101;20150102080009;20150102080009
36457820;0;21980216788;0;0;0321;018;20150102080011;20150102080011
36470264;0;21988040939;0;0;0321;018;20150102080012;20150102080012
36450513;0;21986094039;0;0;0321;018;20150102080011;20150102080011
15103541;1;21986573318;;;;;;20150102080012
36453272;0;21986573318;0;0;0351;824;20150102080012;20150102080012
36102276;0;19998538011;2;0;0331;399;20150102080009;20150102080009
36403069;0;19999008833;0;0;0321;017;20150102080009;20150102080009
15890584;1;21991159391;;;;;;20150102080012
36450122;0;21991159391;0;0;0351;824;20150102080012;20150102080012
31041386;1;21988973506;;;;;;20150102080012
36012922;0;21988973506;0;0;0321;018;20150102080012;20150102080012
36102273;0;19997374465;2;0;0331;399;20150102080009;20150102080009
36401284;0;19997638927;0;0;0302;957;20150102080009;20150102080009
36340122;0;21983178680;0;0;0321;018;20150102080011;20150102080011
36462688;0;21982093666;0;0;0351;824;20150102080011;20150102080011
36468614;0;21980938262;0;0;0351;824;20150102080011;20150102080011
36455794;0;21981850251;0;0;0321;018;20150102080011;20150102080011
26497691;1;21982839434;;;;;;20150102080011
36446915;0;21982839434;0;0;0321;018;20150102080011;20150102080011
36439699;0;21981899593;0;0;0351;824;20150102080011;20150102080011
36401290;0;19997639093;0;0;0302;957;20150102080009;20150102080009
36443824;0;19997638405;0;0;0321;017;20150102080009;20150102080009
36430340;0;19998253209;0;0;0351;823;20150102080009;20150102080009
36466736;0;21988058121;0;0;0321;018;20150102080012;20150102080012
36441624;0;19997926112;0;0;0351;823;20150102080009;20150102080009
36102274;0;19997742730;2;0;0331;399;20150102080009;20150102080009
36468939;0;21987318055;0;0;0321;018;20150102080012;20150102080012
36022007;0;22981112021;0;0;0320;020;20150102080013;20150102080013
36430335;0;19998250147;0;0;0351;823;20150102080009;20150102080009
36022008;0;22981112112;0;0;0320;020;20150102080013;20150102080013
32387445;1;21982932250;;;;;;20150102080011
36428309;0;21982932250;0;0;0351;824;20150102080011;20150102080011
36406366;0;21981689855;0;0;0321;018;20150102080011;20150102080011
36470304;0;21988748889;0;0;0321;018;20150102080012;20150102080012
27469136;1;21982051686;;;;;;20150102080011
36461761;0;21982051686;0;0;0351;824;20150102080011;20150102080011
36471413;0;21981719229;0;0;0321;018;20150102080011;20150102080011
28635836;1;21983634307;;;;;;20150102080011
36460359;0;21983634307;0;0;0351;824;20150102080011;20150102080011
36453253;0;21981651889;0;0;0321;018;20150102080011;20150102080011
36452292;0;21980653298;0;0;0331;321;20150102080011;20150102080011
36453254;0;21981665280;0;0;0321;018;20150102080011;20150102080011
36431752;0;21980968055;0;0;0321;018;20150102080011;20150102080011
36430338;0;19998252119;0;0;0351;823;20150102080009;20150102080009
36430342;0;19998281682;0;0;0351;823;20150102080009;20150102080009
36462591;0;21986746215;0;0;0321;018;20150102080012;20150102080012
36457765;0;21981651365;0;0;0321;018;20150102080011;20150102080011
36439711;0;21981232051;0;0;0321;018;20150102080011;20150102080011
36454064;0;21980836698;0;0;0351;824;20150102080011;20150102080011
36459849;0;21980617665;0;0;0321;018;20150102080011;20150102080011
36471152;0;21981232102;0;0;0321;018;20150102080011;20150102080011
36437104;0;21991872256;0;0;0320;020;20150102080012;20150102080012
36470272;0;21983821872;0;0;0321;018;20150102080011;20150102080011
36461993;0;21988231221;0;0;0321;018;20150102080012;20150102080012
27814092;1;21981422075;;;;;;20150102080011
36236026;0;21981422075;0;0;0321;018;20150102080011;20150102080011
36450267;0;21981274731;0;0;0321;018;20150102080011;20150102080011
36417073;0;21981380546;0;0;0321;018;20150102080011;20150102080011
36470815;0;21991321405;0;0;0351;824;20150102080012;20150102080012
36424437;0;21988663333;0;0;0321;018;20150102080012;20150102080012
25291124;1;21988907173;;;;;;20150102080012
36471230;0;21988907173;0;0;0321;018;20150102080012;20150102080012
36465675;0;21986989304;0;0;0321;018;20150102080012;20150102080012
36433896;0;21991169380;0;0;0351;824;20150102080012;20150102080012
12141288;1;21999463352;;;;;;20150102080013
36452745;0;21999463352;0;0;0321;018;20150102080013;20150102080013
36403045;0;21987708264;0;0;0321;018;20150102080012;20150102080012
36468691;0;21987747344;0;0;0321;018;20150102080012;20150102080012
16952032;1;21988963950;;;;;;20150102080012
36459270;0;21988963950;0;0;0351;824;20150102080012;20150102080012
26443657;1;21988902678;;;;;;20150102080012
36322310;0;21988902678;0;0;0321;018;20150102080012;20150102080012
36468497;0;21982840163;0;0;0321;018;20150102080011;20150102080011
36453356;0;21988978229;0;0;0351;824;20150102080012;20150102080012
35091563;1;21991641907;;;;;;20150102080015
16701152;1;21991155030;;;;;;20150102080012
36464324;0;21991155030;0;0;0351;824;20150102080012;20150102080012
36436948;0;21991127487;0;0;0320;020;20150102080012;20150102080012
35887960;0;21983068959;0;0;0320;020;20150102080011;20150102080011
36466451;0;21991534406;0;0;0351;824;20150102080012;20150102080012
15129500;1;21991950507;;;;;;20150102080012
36448054;0;21991950507;0;0;0351;824;20150102080012;20150102080012
23961728;1;3125149277;;;;;;20150102080015
33728578;1;21994411990;;;;;;20150102080015
36463809;0;24981648612;0;0;0321;018;20150102080013;20150102080013
36452796;0;22981282920;0;0;0321;018;20150102080013;20150102080013
36022004;0;22981112220;0;0;0320;020;20150102080013;20150102080013
36022003;0;22981112227;0;0;0320;020;20150102080013;20150102080013
36471757;0;21998442787;0;0;0321;018;20150102080013;20150102080013
36449526;0;21999307296;0;0;0321;018;20150102080013;20150102080013
36453719;0;3196595731;0;0;0321;430;20150102080014;20150102080014
36463731;0;24981362258;0;0;0321;018;20150102080013;20150102080013
21232770;1;24992148151;;;;;;20150102080015
36457832;0;3399038192;0;0;0321;430;20150102080014;20150102080014
36091384;0;3391650404;2;0;0331;331;20150102080014;20150102080014
36451435;0;3191049946;0;0;0321;430;20150102080014;20150102080014
36457267;0;24999917813;0;0;0321;018;20150102080013;20150102080013
36458005;0;3191221990;0;0;0321;430;20150102080014;20150102080014
36458779;0;3194173938;0;0;0321;430;20150102080014;20150102080014
36467683;0;3193280152;0;0;0321;430;20150102080014;20150102080014
36457052;0;24998446853;0;0;0321;018;20150102080013;20150102080013
36451831;0;3188832780;0;0;0321;430;20150102080014;20150102080014
36455793;0;24998754345;0;0;0321;018;20150102080013;20150102080013
36458308;0;3134778857;0;0;0125;102;20150102080013;20150102080013
36443661;0;27998981200;0;0;0321;019;20150102080013;20150102080013
36461615;0;3133525941;0;0;0125;102;20150102080013;20150102080013
32138345;1;3191478996;;;;;;20150102080014
36453012;0;3191478996;0;0;0321;430;20150102080014;20150102080014
36446307;0;27998750262;0;0;0321;019;20150102080013;20150102080013
36469831;0;21999334346;0;0;0351;824;20150102080013;20150102080013
36467248;0;21998966125;0;0;0321;018;20150102080013;20150102080013
36467372;0;21998134801;0;0;0321;018;20150102080013;20150102080013
36438173;0;3193139396;0;0;0323;030;20150102080014;20150102080014
36455686;0;27996285116;0;0;0321;019;20150102080013;20150102080013
36442235;0;21995196698;0;0;0321;018;20150102080012;20150102080012
36442774;0;21992895955;0;0;0351;824;20150102080012;20150102080012
28686600;1;21999293747;;;;;;20150102080013
36085042;0;21999293747;0;0;0321;018;20150102080013;20150102080013
9801638;1;21993217027;;;;;;20150102080015
36446592;0;21992772729;0;0;0351;824;20150102080012;20150102080012
36461659;0;24999916662;0;0;0321;018;20150102080013;20150102080013
36374055;1;21999341329;;;;;;20150102080013
36468557;0;21999341329;0;0;0321;018;20150102080013;20150102080013
9545588;1;21994600346;;;;;;20150102080015
36438451;0;21999443372;0;0;0321;018;20150102080013;20150102080013
36435945;0;21995643935;0;0;0321;018;20150102080012;20150102080012
36463084;0;24981613285;0;0;0321;018;20150102080013;20150102080013
36471599;0;21999771409;0;0;0351;824;20150102080013;20150102080013
31259695;1;3191617756;;;;;;20150102080014
36446301;0;3191617756;0;0;0321;430;20150102080014;20150102080014
36470262;0;3188112228;0;0;0321;430;20150102080014;20150102080014
36460404;0;21999594640;0;0;0351;824;20150102080013;20150102080013
36464015;0;24981129088;0;0;0321;018;20150102080013;20150102080013
36438423;0;3192222933;0;0;0323;030;20150102080014;20150102080014
36437421;0;3193020089;0;0;0323;030;20150102080014;20150102080014
36453476;0;21998854126;0;0;0321;018;20150102080013;20150102080013
36452238;0;22997166502;0;0;0321;018;20150102080013;20150102080013
36471242;0;24981257333;0;0;0321;018;20150102080013;20150102080013
36452606;0;22981561042;0;0;0321;018;20150102080013;20150102080013
36294577;1;3175232670;;;;;;20150102080014
36457629;0;3175232670;0;0;0321;430;20150102080014;20150102080014
36452917;0;24981121064;0;0;0321;018;20150102080013;20150102080013
36341410;1;3185152220;;;;;;20150102080016
36449990;0;3432423088;0;0;0112;355;20150102080014;20150102080014
36348656;0;3438420921;0;0;0215;931;20150102080014;20150102080014
36458422;0;3188120678;0;0;0321;430;20150102080014;20150102080014
36463707;0;21998758418;0;0;0351;824;20150102080013;20150102080013
19582771;1;21998197966;;;;;;20150102080013
36470906;0;21998197966;0;0;0351;824;20150102080013;20150102080013
6362850;1;3384469654;;;;;;20150102080016
36467617;0;3193344295;0;0;0321;430;20150102080014;20150102080014
36456527;0;3196687321;0;0;0321;430;20150102080014;20150102080014
36213468;0;27998707785;0;0;0321;019;20150102080013;20150102080013
36091383;0;3391650403;2;0;0331;331;20150102080014;20150102080014
36456545;0;3399749585;0;0;0321;430;20150102080014;20150102080014
35924028;1;27988029249;;;;;;20150102080016
36469797;0;21998363844;0;0;0351;824;20150102080013;20150102080013
36435996;0;27988034525;0;0;0320;026;20150102080013;20150102080013
21278560;1;3199789731;;;;;;20150102080014
36459806;0;3199789731;0;0;0321;430;20150102080014;20150102080014
36456661;0;3198059467;0;0;0321;430;20150102080014;20150102080014
36413102;0;3197000018;0;0;0321;430;20150102080014;20150102080014
36447365;0;21997042360;0;0;0351;824;20150102080012;20150102080012
36437232;0;3194688587;0;0;0321;430;20150102080014;20150102080014
36470761;0;3196112505;0;0;0321;430;20150102080014;20150102080014
36442244;0;3197900705;0;0;0321;430;20150102080014;20150102080014
36468336;0;3198248312;0;0;0321;430;20150102080014;20150102080014
36427395;0;3199595248;0;0;0321;430;20150102080014;20150102080014
28977396;1;3199321949;;;;;;20150102080014
36463149;0;3199321949;0;0;0321;430;20150102080014;20150102080014
36457087;0;21998367301;0;0;0321;018;20150102080013;20150102080013
36461968;0;3492418625;0;0;0321;430;20150102080015;20150102080015
36462962;0;3492313654;0;0;0321;430;20150102080015;20150102080015
36452587;0;24999995768;0;0;0321;018;20150102080013;20150102080013
36439352;0;3187035370;0;0;0321;430;20150102080014;20150102080014
36255303;1;3187096713;;;;;;20150102080016
36444879;0;3198825593;0;0;0321;430;20150102080014;20150102080014
36471341;0;21994416142;0;0;0351;824;20150102080012;20150102080012
7820851;1;3184168997;;;;;;20150102080016
36454629;0;3187113340;0;0;0321;430;20150102080014;20150102080014
36449463;0;3492075681;0;0;0321;430;20150102080015;20150102080015
36450396;0;2732070746;0;0;0125;488;20150102080013;20150102080013
36195669;1;2732432686;;;;;;20150102080013
36456659;0;2732432686;0;0;0125;488;20150102080013;20150102080013
36462109;0;3138233788;0;0;0125;102;20150102080014;20150102080014
36456667;0;3138276688;0;0;0125;102;20150102080014;20150102080014
36440526;0;21997264494;0;0;0321;018;20150102080012;20150102080012
36452527;0;21995424555;0;0;0351;824;20150102080012;20150102080012
36422474;0;21992832088;0;0;0351;824;20150102080012;20150102080012
36443595;0;3173410053;0;0;0321;430;20150102080014;20150102080014
36469858;0;3196964917;0;0;0321;430;20150102080014;20150102080014
35329141;1;21993393223;;;;;;20150102080017
36413810;0;27998435845;0;0;0321;019;20150102080013;20150102080013
36428598;0;27997253503;0;0;0321;019;20150102080013;20150102080013
28674497;1;3184540129;;;;;;20150102080017
36450266;0;3488474125;0;0;0321;430;20150102080014;20150102080014
36456439;0;3299838877;0;0;0321;430;20150102080014;20150102080014
36464019;0;3288340013;0;0;0321;430;20150102080014;20150102080014
36464228;0;3288041715;0;0;0321;430;20150102080014;20150102080014
36458263;0;3291513787;0;0;0321;430;20150102080014;20150102080014
36456843;0;3291084912;0;0;0321;430;20150102080014;20150102080014
36464156;0;3288991715;0;0;0321;430;20150102080014;20150102080014
36440715;0;3391104565;0;0;0331;331;20150102080014;20150102080014
36453422;0;3491360052;0;0;0321;430;20150102080015;20150102080015
36455210;0;3187034794;0;0;0321;430;20150102080014;20150102080014
36463035;0;3491509987;0;0;0321;430;20150102080015;20150102080015
36451463;0;3491310433;0;0;0321;430;20150102080015;20150102080015
36450659;0;3491440716;0;0;0321;430;20150102080015;20150102080015
36437967;0;3187182632;0;0;0323;030;20150102080014;20150102080014
36451090;0;4791037759;0;0;0321;447;20150102080016;20150102080016
7874293;1;3491021930;;;;;;20150102080014
36444697;0;3491021930;0;0;0321;430;20150102080014;20150102080014
36450262;0;3173311888;0;0;0321;430;20150102080014;20150102080014
36455387;0;21993990341;0;0;0341;421;20150102080012;20150102080012
35985321;0;4484648001;0;0;0321;441;20150102080016;20150102080016
36465463;0;3491862947;0;0;0321;430;20150102080015;20150102080015
36457432;0;3491055911;0;0;0321;430;20150102080014;20150102080014
36456733;0;4133730994;0;0;0125;141;20150102080015;20150102080015
36448935;0;3892140891;0;0;0321;430;20150102080015;20150102080015
36451476;0;3798189290;0;0;0321;430;20150102080015;20150102080015
2107758;1;4130396960;;;;;;20150102080017
28343715;1;3491220033;;;;;;20150102080014
36467865;0;3491220033;0;0;0321;430;20150102080014;20150102080014
2729901;1;4134224601;;;;;;20150102080017
4760529;1;21994682278;;;;;;20150102080012
36463144;0;21994682278;0;0;0351;824;20150102080012;20150102080012
36293334;0;21997020475;0;0;0321;018;20150102080012;20150102080012
10408342;1;21996060424;;;;;;20150102080012
36471684;0;21996060424;0;0;0351;824;20150102080012;20150102080012
36452081;0;21997911919;0;0;0351;824;20150102080013;20150102080013
36436938;0;3598974230;0;0;0321;430;20150102080015;20150102080015
36462039;0;21997539109;0;0;0351;824;20150102080013;20150102080013
36454177;0;3491266124;0;0;0321;430;20150102080015;20150102080015
36470349;0;4341415057;0;0;0143;042;20150102080016;20150102080016
36453213;0;21997374824;0;0;0321;018;20150102080012;20150102080012
36236025;0;21997100068;0;0;0321;018;20150102080012;20150102080012
36435944;0;21995540420;0;0;0321;018;20150102080012;20150102080012
36465984;0;3491216372;0;0;0321;430;20150102080014;20150102080014
36468041;0;3499910326;0;0;0321;430;20150102080015;20150102080015
5832826;1;3499946029;;;;;;20150102080015
36461685;0;3499946029;0;0;0321;430;20150102080015;20150102080015
36449047;0;21996498202;0;0;0321;018;20150102080012;20150102080012
36455877;0;3491941887;0;0;0321;430;20150102080015;20150102080015
36414617;0;4196588186;0;0;0321;441;20150102080016;20150102080016
36456182;0;4484289609;0;0;0321;441;20150102080016;20150102080016
36449411;0;3530671000;0;0;0123;205;20150102080015;20150102080015
2396093;1;3499949922;;;;;;20150102080015
36450537;0;3499949922;0;0;0321;430;20150102080015;20150102080015
36447217;0;4130420603;0;0;0125;141;20150102080015;20150102080015
36455751;0;3591464149;0;0;0321;430;20150102080015;20150102080015
36455890;0;3499996045;0;0;0321;430;20150102080015;20150102080015
36461437;0;3892174317;0;0;0321;430;20150102080015;20150102080015
31931179;1;3791595608;;;;;;20150102080018
36458357;0;3892198094;0;0;0321;430;20150102080015;20150102080015
36411343;0;4198602380;0;0;0321;441;20150102080016;20150102080016
36456235;0;4734321466;0;0;0125;147;20150102080016;20150102080016
36439247;0;5184887887;0;0;0321;006;20150102080017;20150102080017
36367796;0;3732214561;0;0;0112;355;20150102080015;20150102080015
36461675;0;3891755173;0;0;0321;430;20150102080015;20150102080015
36431762;0;4130563275;0;0;0114;041;20150102080015;20150102080015
36431770;0;4131582029;0;0;0114;041;20150102080015;20150102080015
4002244;1;4796544416;;;;;;20150102080016
36438038;0;4796544416;0;0;0320;045;20150102080016;20150102080016
36453939;0;4899864081;0;0;0321;447;20150102080017;20150102080017
36463225;0;4584029338;0;0;0321;441;20150102080016;20150102080016
36431774;0;4530374664;0;0;0114;041;20150102080016;20150102080016
35330219;1;4132649180;;;;;;20150102080018
36462933;0;4584027637;0;0;0321;441;20150102080016;20150102080016
36434080;0;5130281812;0;0;0114;051;20150102080017;20150102080017
33257361;1;4584037171;;;;;;20150102080016
36448841;0;4584037171;0;0;0321;441;20150102080016;20150102080016
36434079;0;5130263201;0;0;0114;051;20150102080017;20150102080017
36427175;0;4899880888;0;0;0320;045;20150102080017;20150102080017
36450156;0;4132825002;0;0;0125;141;20150102080015;20150102080015
30979569;1;4132099220;;;;;;20150102080015
36469447;0;4132099220;0;0;0125;141;20150102080015;20150102080015
36424151;0;4796241034;0;0;0321;447;20150102080016;20150102080016
36450171;0;4734257214;0;0;0125;147;20150102080016;20150102080016
36470372;0;4788560224;0;0;0341;046;20150102080016;20150102080016
36453938;0;4796589238;0;0;0321;447;20150102080016;20150102080016
36456180;0;4733615987;0;0;0125;147;20150102080016;20150102080016
36463213;0;4584137519;0;0;0321;441;20150102080016;20150102080016
36465453;0;4792431184;0;0;0321;447;20150102080016;20150102080016
36468644;0;4792537665;0;0;0341;046;20150102080016;20150102080016
32573495;1;4734436266;;;;;;20150102080018
34152232;1;4898389602;;;;;;20150102080016
36456665;0;4898389602;0;0;0321;447;20150102080016;20150102080016
36452842;0;4132897810;0;0;0125;141;20150102080015;20150102080015
36456079;0;4133367870;0;0;0125;141;20150102080015;20150102080015
36450296;0;3892140564;0;0;0321;430;20150102080015;20150102080015
36470709;0;4799080909;0;0;0321;447;20150102080016;20150102080016
36452649;0;4799945355;0;0;0320;045;20150102080016;20150102080016
2563751;1;4799427740;;;;;;20150102080016
36468133;0;4799427740;0;0;0321;447;20150102080016;20150102080016
323156;1;4132788174;;;;;;20150102080019
6073250;1;4132892286;;;;;;20150102080019
36461893;0;3891884885;0;0;0321;430;20150102080015;20150102080015
8961044;1;4832571135;;;;;;20150102080019
36438600;0;5181829556;0;0;0320;050;20150102080017;20150102080017
36450530;0;4799753252;0;0;0320;045;20150102080016;20150102080016
139038;1;4833691889;;;;;;20150102080019
36434966;0;4896179614;0;0;0320;045;20150102080016;20150102080016
36457988;0;4884571857;0;0;0321;447;20150102080016;20150102080016
36453477;0;4399692405;0;0;0321;441;20150102080016;20150102080016
36453514;0;4335349532;0;0;0143;541;20150102080016;20150102080016
36440115;0;4384878471;0;0;0343;043;20150102080016;20150102080016
28699994;1;4488138025;;;;;;20150102080019
18320143;1;5130359012;;;;;;20150102080017
36407958;0;5130359012;0;0;0157;121;20150102080017;20150102080017
36457785;0;4196548096;0;0;0321;441;20150102080016;20150102080016
33651662;1;4333384198;;;;;;20150102080019
18320141;1;5130359010;;;;;;20150102080017
36407957;0;5130359010;0;0;0157;121;20150102080017;20150102080017
18320139;1;5130359008;;;;;;20150102080017
36407956;0;5130359008;0;0;0157;121;20150102080017;20150102080017
18320180;1;5130359049;;;;;;20150102080017
36407960;0;5130359049;0;0;0157;121;20150102080017;20150102080017
36461873;0;5134216246;0;0;0125;151;20150102080017;20150102080017
36406826;0;4198729039;0;0;0321;441;20150102080016;20150102080016
34018956;1;4399939889;;;;;;20150102080016
36453423;0;4399939889;0;0;0321;441;20150102080016;20150102080016
36455685;0;4195304151;0;0;0321;441;20150102080016;20150102080016
18320146;1;5130359015;;;;;;20150102080017
36407959;0;5130359015;0;0;0157;121;20150102080017;20150102080017
36461263;0;3496409977;0;0;0321;430;20150102080015;20150102080015
36450401;0;4933229980;0;0;0125;147;20150102080017;20150102080017
36468708;0;3498042546;0;0;0321;430;20150102080015;20150102080015
36461752;0;3499092082;0;0;0321;430;20150102080015;20150102080015
35964283;1;4933233998;;;;;;20150102080019
36406592;0;5132760380;0;0;0114;051;20150102080017;20150102080017
36463489;0;4999097933;0;0;0321;447;20150102080017;20150102080017
32506142;1;3499772000;;;;;;20150102080015
36469071;0;3499772000;0;0;0321;430;20150102080015;20150102080015
36452108;0;3496402362;0;0;0321;430;20150102080015;20150102080015
36462054;0;4184954305;0;0;0321;441;20150102080016;20150102080016
36468130;0;4192143231;0;0;0321;441;20150102080016;20150102080016
36454673;0;4188613696;0;0;0314;540;20150102080016;20150102080016
16988054;1;3498028737;;;;;;20150102080015
36466606;0;3498028737;0;0;0321;430;20150102080015;20150102080015
36450426;0;4136576581;0;0;0125;141;20150102080016;20150102080016
36297697;1;4184218482;;;;;;20150102080019
36422499;0;4184053173;0;0;0321;441;20150102080016;20150102080016
36453141;0;4136430046;0;0;0125;141;20150102080016;20150102080016
15180901;1;4899169320;;;;;;20150102080017
36311350;0;4899169320;0;0;0321;447;20150102080017;20150102080017
36424533;0;4898134536;0;0;0321;447;20150102080016;20150102080016
162182;1;4399250055;;;;;;20150102080019
36462436;0;4391292791;0;0;0341;040;20150102080016;20150102080016
36455324;0;4332524694;0;0;0143;541;20150102080016;20150102080016
36407056;0;5133991913;0;0;0114;051;20150102080017;20150102080017
36468055;0;5184097504;0;0;0321;006;20150102080017;20150102080017
36459843;0;5184652503;0;0;0321;006;20150102080017;20150102080017
29457012;1;5184248275;;;;;;20150102080017
36408736;0;5184248275;0;0;0321;006;20150102080017;20150102080017
36450419;0;5184239552;0;0;0321;006;20150102080017;20150102080017
36454028;0;5181268261;0;0;0321;006;20150102080017;20150102080017
36449406;0;5183253161;0;0;0321;006;20150102080017;20150102080017
36466565;0;5182361058;0;0;0321;006;20150102080017;20150102080017
36442115;0;5181661736;0;0;0321;006;20150102080017;20150102080017
36457412;0;5180414275;0;0;0321;006;20150102080017;20150102080017
3831865;1;5181750776;;;;;;20150102080017
36452489;0;5181750776;0;0;0321;006;20150102080017;20150102080017
36372803;0;5181861967;0;0;0321;006;20150102080017;20150102080017
36455410;0;5384289236;0;0;0321;006;20150102080018;20150102080018
36468175;0;5181303671;0;0;0321;006;20150102080017;20150102080017
36449703;0;5198999782;0;0;0321;006;20150102080018;20150102080018
36467079;0;5185082964;0;0;0321;006;20150102080017;20150102080017
36458606;0;5195120361;0;0;0321;006;20150102080017;20150102080017
36457234;0;5184605383;0;0;0321;006;20150102080017;20150102080017
36442780;0;6135424534;0;0;0125;161;20150102080018;20150102080018
36468530;0;6182318432;0;0;0321;063;20150102080018;20150102080018
36453240;0;6181438495;0;0;0321;063;20150102080018;20150102080018
36453745;0;6133749527;0;0;0125;161;20150102080018;20150102080018
36444314;0;6182142418;0;0;0321;063;20150102080018;20150102080018
24787903;1;6181226572;;;;;;20150102080018
36450025;0;6181226572;0;0;0321;063;20150102080018;20150102080018
36455638;0;5496095351;0;0;0321;006;20150102080018;20150102080018
36446216;0;5484476171;0;0;0321;006;20150102080018;20150102080018
36456046;0;6182679517;0;0;0321;063;20150102080018;20150102080018
36470975;0;6182606262;0;0;0321;063;20150102080018;20150102080018
24443355;1;6182753100;;;;;;20150102080018
36467241;0;6182753100;0;0;0321;063;20150102080018;20150102080018
30777135;1;6183342723;;;;;;20150102080018
36465454;0;6183342723;0;0;0321;063;20150102080018;20150102080018
36448898;0;5196546750;0;0;0321;006;20150102080017;20150102080017
36423858;0;5199226462;0;0;0321;006;20150102080018;20150102080018
33261191;1;5192606240;;;;;;20150102080020
36459850;0;6181673414;0;0;0321;063;20150102080018;20150102080018
36471262;0;5185873273;0;0;0321;006;20150102080017;20150102080017
36458786;0;6281915256;0;0;0320;068;20150102080019;20150102080019
36450522;0;5185653319;0;0;0321;006;20150102080017;20150102080017
33261404;1;5192785595;;;;;;20150102080020
36462287;0;5196855407;0;0;0321;006;20150102080017;20150102080017
24443599;1;6182017300;;;;;;20150102080018
36467407;0;6182017300;0;0;0321;063;20150102080018;20150102080018
36415987;0;6181393753;0;0;0321;063;20150102080018;20150102080018
36453732;0;6181620366;0;0;0321;063;20150102080018;20150102080018
24788256;1;6181226573;;;;;;20150102080018
36449787;0;6181226573;0;0;0321;063;20150102080018;20150102080018
24788311;1;6181226589;;;;;;20150102080018
36449788;0;6181226589;0;0;0321;063;20150102080018;20150102080018
24788140;1;6181226582;;;;;;20150102080018
36450026;0;6181226582;0;0;0321;063;20150102080018;20150102080018
36468581;0;6181195070;0;0;0321;063;20150102080018;20150102080018
35424092;1;6239960464;;;;;;20150102080019
36464211;0;6282737888;0;0;0320;068;20150102080019;20150102080019
36431675;0;6239960464;0;0;0114;062;20150102080019;20150102080019
36464241;0;6282837740;0;0;0320;068;20150102080019;20150102080019
36458598;0;5196197160;0;0;0321;006;20150102080017;20150102080017
30745491;1;6181496328;;;;;;20150102080021
36465964;0;6181643768;0;0;0321;063;20150102080018;20150102080018
36468187;0;6181011913;0;0;0321;063;20150102080018;20150102080018
36448885;0;6232962273;0;0;0125;162;20150102080019;20150102080019
36455891;0;6232917373;0;0;0125;162;20150102080019;20150102080019
29082021;1;6232874097;;;;;;20150102080021
26965744;1;6232810952;;;;;;20150102080019
36442258;0;6232810952;0;0;0125;162;20150102080019;20150102080019
36453236;0;6484022877;0;0;0321;077;20150102080020;20150102080020
23391187;1;6184254333;;;;;;20150102080019
36456775;0;5197524566;0;0;0321;006;20150102080017;20150102080017
36459884;0;6184254333;0;0;0321;063;20150102080019;20150102080019
30323926;1;6235829195;;;;;;20150102080019
36449794;0;6235829195;0;0;0125;162;20150102080019;20150102080019
32286550;1;6282130086;;;;;;20150102080019
36467097;0;6282130086;0;0;0321;077;20150102080019;20150102080019
36453334;0;6233114690;0;0;0125;162;20150102080019;20150102080019
25522879;1;6232840821;;;;;;20150102080021
33573957;1;5491621415;;;;;;20150102080021
36414405;0;5484476272;0;0;0321;006;20150102080018;20150102080018
36446379;0;6232612876;0;0;0125;162;20150102080019;20150102080019
36458011;0;6184404277;0;0;0321;063;20150102080019;20150102080019
36458474;0;5481024387;0;0;0321;006;20150102080018;20150102080018
36440098;0;6181397898;0;0;0320;060;20150102080018;20150102080018
25796689;1;6232815869;;;;;;20150102080019
36449964;0;6232815869;0;0;0125;162;20150102080019;20150102080019
36467724;0;6184162090;0;0;0321;063;20150102080019;20150102080019
36463048;0;5199011555;0;0;0321;006;20150102080018;20150102080018
36459463;0;6199888829;0;0;0321;063;20150102080019;20150102080019
15513696;1;5198358796;;;;;;20150102080017
36453006;0;5198358796;0;0;0321;006;20150102080017;20150102080017
36465888;0;5199130969;0;0;0321;006;20150102080018;20150102080018
36284400;1;6185224405;;;;;;20150102080021
36465794;0;5198312711;0;0;0321;006;20150102080017;20150102080017
36464259;0;5198025905;0;0;0321;006;20150102080017;20150102080017
36457892;0;5198463995;0;0;0321;006;20150102080017;20150102080017
36449813;0;5197824513;0;0;0321;006;20150102080017;20150102080017
36427152;0;5198589758;0;0;0321;006;20150102080017;20150102080017
3680381;1;6133287729;;;;;;20150102080021
36199857;1;5584215221;;;;;;20150102080018
36449039;0;5584215221;0;0;0321;006;20150102080018;20150102080018
36384749;0;5198045525;0;0;0321;006;20150102080017;20150102080017
9463082;1;6181817306;;;;;;20150102080018
36451662;0;6181817306;0;0;0321;063;20150102080018;20150102080018
36442126;0;6133932298;0;0;0125;161;20150102080018;20150102080018
36431657;0;6132053939;0;0;0114;061;20150102080018;20150102080018
36455642;0;5499823636;0;0;0321;006;20150102080018;20150102080018
10834347;1;6184247054;;;;;;20150102080019
36468724;0;6184247054;0;0;0321;063;20150102080019;20150102080019
36453558;0;6284105679;0;0;0321;077;20150102080019;20150102080019
36449698;0;6185447672;0;0;0321;063;20150102080019;20150102080019
18022135;1;6191473349;;;;;;20150102080021
36452492;0;6183616263;0;0;0321;063;20150102080019;20150102080019
36455639;0;5496095352;0;0;0321;006;20150102080018;20150102080018
36449572;0;6133894255;0;0;0125;161;20150102080018;20150102080018
36323144;0;5496481069;0;0;0321;006;20150102080018;20150102080018
36413996;0;5496140358;0;0;0321;006;20150102080018;20150102080018
36434039;0;5492174701;0;0;0320;050;20150102080018;20150102080018
36120962;0;5384575793;0;0;0321;006;20150102080018;20150102080018
36455641;0;5499789904;0;0;0321;006;20150102080018;20150102080018
36456025;0;5199651373;0;0;0321;006;20150102080018;20150102080018
36450220;0;5499357958;0;0;0321;006;20150102080018;20150102080018
36450876;0;5499726344;0;0;0321;006;20150102080018;20150102080018
36455640;0;5499092317;0;0;0321;006;20150102080018;20150102080018
36457998;0;6135417124;0;0;0125;161;20150102080018;20150102080018
10495892;1;6133670237;;;;;;20150102080022
36449744;0;6232056684;0;0;0125;162;20150102080019;20150102080019
36254806;0;5499331077;0;0;0321;006;20150102080018;20150102080018
36450808;0;5499710579;0;0;0321;006;20150102080018;20150102080018
36469832;0;5384684541;0;0;0341;451;20150102080018;20150102080018
36457212;0;5381297603;0;0;0321;006;20150102080018;20150102080018
23391218;1;6199748476;;;;;;20150102080019
36459885;0;6199748476;0;0;0321;063;20150102080019;20150102080019
36253336;1;6199971430;;;;;;20150102080019
36471362;0;6199971430;0;0;0341;461;20150102080019;20150102080019
36409610;0;5199795286;0;0;0321;006;20150102080018;20150102080018
36457550;0;5199416791;0;0;0321;006;20150102080018;20150102080018
36453462;0;5199588391;0;0;0321;006;20150102080018;20150102080018
6728360;1;6291434022;;;;;;20150102080022
36455427;0;6232428925;0;0;0125;162;20150102080019;20150102080019
10466333;1;6284412666;;;;;;20150102080019
36467098;0;6284412666;0;0;0321;077;20150102080019;20150102080019
36468232;0;6196626691;0;0;0341;461;20150102080019;20150102080019
36454482;0;6232234964;0;0;0125;162;20150102080019;20150102080019
36454387;0;6184775761;0;0;0321;063;20150102080019;20150102080019
36471081;0;6184878384;0;0;0321;063;20150102080019;20150102080019
35315267;1;6192648698;;;;;;20150102080022
25166396;1;6192673290;;;;;;20150102080019
36467725;0;6192673290;0;0;0321;063;20150102080019;20150102080019
36405866;0;6230861882;0;0;0114;062;20150102080019;20150102080019
36470352;0;6192037227;0;0;0341;461;20150102080019;20150102080019
36470310;0;6499602408;0;0;0321;077;20150102080020;20150102080020
36415818;0;5499936916;0;0;0321;006;20150102080018;20150102080018
36465868;0;6499841638;0;0;0321;077;20150102080020;20150102080020
30222888;1;6132540477;;;;;;20150102080018
36431659;0;6132540477;0;0;0114;061;20150102080018;20150102080018
36449101;0;6481187386;0;0;0321;077;20150102080020;20150102080020
35881886;1;6492187040;;;;;;20150102080022
36105329;0;6496181972;2;0;0314;562;20150102080020;20150102080020
36470793;0;6191196769;0;0;0341;461;20150102080019;20150102080019
36449997;0;6484157217;0;0;0321;077;20150102080020;20150102080020
33903121;1;6184271175;;;;;;20150102080019
36470757;0;6184271175;0;0;0321;063;20150102080019;20150102080019
36456730;0;6484352500;0;0;0321;077;20150102080020;20150102080020
36455532;0;6184294973;0;0;0321;063;20150102080019;20150102080019
28810257;1;6185721212;;;;;;20150102080019
36452785;0;6185721212;0;0;0321;063;20150102080019;20150102080019
36463069;0;5499883004;0;0;0321;006;20150102080018;20150102080018
36456618;0;6299509485;0;0;0321;077;20150102080019;20150102080019
36439296;0;6581101010;0;0;0321;057;20150102080020;20150102080020
36105330;0;6496185401;2;0;0314;562;20150102080020;20150102080020
16576736;1;6284820069;;;;;;20150102080019
36457414;0;6284820069;0;0;0320;068;20150102080019;20150102080019
36467099;0;6296972666;0;0;0321;077;20150102080019;20150102080019
1325232;1;6481118237;;;;;;20150102080019
36105328;0;6481118237;2;0;0314;562;20150102080019;20150102080019
36464374;0;6284529294;0;0;0321;077;20150102080019;20150102080019
28637801;1;6292630006;;;;;;20150102080022
36470325;0;6381228229;0;0;0320;056;20150102080019;20150102080019
36446792;0;6384141180;0;0;0321;069;20150102080019;20150102080019
36455569;0;6481292100;0;0;0321;077;20150102080020;20150102080020
35964707;0;6899475356;2;0;0314;593;20150102080021;20150102080021
36460957;0;6436217412;0;0;0125;162;20150102080019;20150102080019
36470553;0;6599282810;0;0;0321;057;20150102080020;20150102080020
36425543;0;6733633846;0;0;0125;167;20150102080020;20150102080020
36453550;0;6733519793;0;0;0125;167;20150102080020;20150102080020
36105664;0;6592369333;2;0;0314;565;20150102080020;20150102080020
36105666;0;6592433661;2;0;0314;565;20150102080020;20150102080020
36105663;0;6592029523;2;0;0314;565;20150102080020;20150102080020
33357247;1;6584025097;;;;;;20150102080020
36454188;0;6584025097;0;0;0321;057;20150102080020;20150102080020
35964709;0;6899491976;2;0;0314;593;20150102080021;20150102080021
35964694;0;6899230579;2;0;0314;593;20150102080021;20150102080021
21992066;1;7133587636;;;;;;20150102080022
36470969;0;7133587636;0;0;0125;387;20150102080022;20150102080022
35964716;0;6899719211;2;0;0314;593;20150102080021;20150102080021
35964692;0;6899229104;2;0;0314;593;20150102080021;20150102080021
36456279;0;6784015474;0;0;0321;054;20150102080021;20150102080021
36449608;0;6796471428;0;0;0321;054;20150102080021;20150102080021
36445372;0;6734268894;0;0;0125;167;20150102080021;20150102080021
23209916;1;6734251290;;;;;;20150102080023
35964689;0;6899033666;2;0;0314;593;20150102080021;20150102080021
35964717;0;6899761052;2;0;0314;593;20150102080021;20150102080021
35964715;0;6899715718;2;0;0314;593;20150102080021;20150102080021
35964712;0;6899619901;2;0;0314;593;20150102080021;20150102080021
35964706;0;6899474107;2;0;0314;593;20150102080021;20150102080021
36470693;0;6781799384;0;0;0321;054;20150102080021;20150102080021
35964711;0;6899618983;2;0;0314;593;20150102080021;20150102080021
36105667;0;6592499902;2;0;0314;565;20150102080020;20150102080020
36460422;0;6798642494;0;0;0321;054;20150102080021;20150102080021
35964701;0;6899470188;2;0;0314;593;20150102080021;20150102080021
36105670;0;6593030404;2;0;0314;565;20150102080020;20150102080020
35964695;0;6899252105;2;0;0314;593;20150102080021;20150102080021
36436019;0;6884152800;0;0;0321;059;20150102080021;20150102080021
36438862;0;6593250739;0;0;0320;064;20150102080020;20150102080020
35964698;0;6899445919;2;0;0314;593;20150102080021;20150102080021
36454323;0;6899250020;0;0;0321;059;20150102080021;20150102080021
36451590;0;6733914779;0;0;0125;167;20150102080020;20150102080020
36469150;0;6733808731;0;0;0125;167;20150102080020;20150102080020
35964702;0;6899472403;2;0;0314;593;20150102080021;20150102080021
36457118;0;6799218558;0;0;0321;054;20150102080021;20150102080021
35964693;0;6899229390;2;0;0314;593;20150102080021;20150102080021
35964699;0;6899452749;2;0;0314;593;20150102080021;20150102080021
36458710;0;6596966119;0;0;0321;057;20150102080020;20150102080020
35964691;0;6899076536;2;0;0314;593;20150102080021;20150102080021
36105665;0;6592419691;2;0;0314;565;20150102080020;20150102080020
36466316;0;7133135368;0;0;0125;387;20150102080021;20150102080021
36454074;0;6599582601;0;0;0321;057;20150102080020;20150102080020
36462246;0;6592022386;0;0;0320;064;20150102080020;20150102080020
36468286;0;6599957095;0;0;0321;057;20150102080020;20150102080020
36105668;0;6592528830;2;0;0314;565;20150102080020;20150102080020
34941871;1;6592865290;;;;;;20150102080024
35964696;0;6899256837;2;0;0314;593;20150102080021;20150102080021
36450164;0;7133341937;0;0;0125;387;20150102080021;20150102080021
36452638;0;7133582920;0;0;0125;387;20150102080022;20150102080022
36456199;0;7134884777;0;0;0125;387;20150102080022;20150102080022
36465870;0;7133347075;0;0;0125;387;20150102080021;20150102080021
35964718;0;6899813594;2;0;0314;593;20150102080021;20150102080021
35964714;0;6899711268;2;0;0314;593;20150102080021;20150102080021
36452774;0;7133363608;0;0;0125;387;20150102080021;20150102080021
36387661;0;7133215762;0;0;0125;387;20150102080021;20150102080021
36469638;0;7133423666;0;0;0125;387;20150102080021;20150102080021
36105669;0;6592542008;2;0;0314;565;20150102080020;20150102080020
35964721;0;6899841301;2;0;0314;593;20150102080021;20150102080021
35964690;0;6899054707;2;0;0314;593;20150102080021;20150102080021
24111326;1;7133541331;;;;;;20150102080022
36453212;0;7133541331;0;0;0125;387;20150102080022;20150102080022
35964719;0;6899819480;2;0;0314;593;20150102080021;20150102080021
36461812;0;7133456575;0;0;0125;387;20150102080021;20150102080021
36450468;0;7132185665;0;0;0125;387;20150102080021;20150102080021
35964713;0;6899637616;2;0;0314;593;20150102080021;20150102080021
35964723;0;6899854245;2;0;0314;593;20150102080021;20150102080021
35964720;0;6899839028;2;0;0314;593;20150102080021;20150102080021
35964724;0;6899877031;2;0;0314;593;20150102080021;20150102080021
35964722;0;6899842734;2;0;0314;593;20150102080021;20150102080021
35964727;0;6899918217;2;0;0314;593;20150102080021;20150102080021
36452362;0;6899692324;0;0;0321;059;20150102080021;20150102080021
35964728;0;6899931172;2;0;0314;593;20150102080021;20150102080021
30648769;1;6932273938;;;;;;20150102080024
35964726;0;6899916617;2;0;0314;593;20150102080021;20150102080021
26826128;1;7132724257;;;;;;20150102080021
36459541;0;7132724257;0;0;0125;387;20150102080021;20150102080021
35964725;0;6899882805;2;0;0314;593;20150102080021;20150102080021
35964704;0;6899472703;2;0;0314;593;20150102080021;20150102080021
35964700;0;6899469897;2;0;0314;593;20150102080021;20150102080021
35964705;0;6899473182;2;0;0314;593;20150102080021;20150102080021
35964703;0;6899472686;2;0;0314;593;20150102080021;20150102080021
35964710;0;6899518218;2;0;0314;593;20150102080021;20150102080021
3811642;1;6792565707;;;;;;20150102080024
36427675;0;6981406900;0;0;0321;058;20150102080021;20150102080021
35964697;0;6899351984;2;0;0314;593;20150102080021;20150102080021
36173447;1;6792545734;;;;;;20150102080025
36456187;0;7132313808;0;0;0125;387;20150102080021;20150102080021
35964729;0;6899979585;2;0;0314;593;20150102080021;20150102080021
23298046;1;7132572196;;;;;;20150102080021
35964708;0;6899475563;2;0;0314;593;20150102080021;20150102080021
36427933;0;7132572196;0;0;0125;387;20150102080021;20150102080021
36433789;0;6899054429;0;0;0321;059;20150102080021;20150102080021
36434752;0;7192316588;0;0;0320;070;20150102080022;20150102080022
36466976;0;7192071159;0;0;0320;070;20150102080022;20150102080022
36442858;0;7191806356;0;0;0320;070;20150102080022;20150102080022
11009044;1;7188607385;;;;;;20150102080022
36470764;0;7188607385;0;0;0320;070;20150102080022;20150102080022
36442337;0;8134271729;0;0;0125;389;20150102080022;20150102080022
36438641;0;7583108210;0;0;0320;070;20150102080022;20150102080022
36434747;0;7991207713;0;0;0321;479;20150102080022;20150102080022
36449709;0;7930410572;0;0;0125;477;20150102080022;20150102080022
36463322;0;7932523679;0;0;0215;979;20150102080022;20150102080022
36397284;0;8135250928;0;0;0125;389;20150102080022;20150102080022
36455380;0;8189289124;0;0;0320;457;20150102080022;20150102080022
34718278;1;8192845177;;;;;;20150102080025
36463360;0;8189136408;0;0;0320;457;20150102080022;20150102080022
36407545;0;92994807393;0;0;0321;493;20150102080024;20150102080024
36418388;0;98981141264;0;0;0321;499;20150102080024;20150102080024
36295389;0;8199641851;0;0;0321;023;20150102080022;20150102080022
36455778;0;8135232495;0;0;0125;389;20150102080022;20150102080022
36470727;0;7999134928;0;0;0321;479;20150102080022;20150102080022
36453208;0;7532210115;0;0;0125;387;20150102080022;20150102080022
36458876;0;7932484609;0;0;0125;477;20150102080022;20150102080022
30349860;1;7192321865;;;;;;20150102080022
36435530;0;7192321865;0;0;0320;070;20150102080022;20150102080022
36459045;0;7491550421;0;0;0321;471;20150102080022;20150102080022
36410120;0;92993240216;0;0;0321;493;20150102080024;20150102080024
36463560;0;7932482746;0;0;0125;477;20150102080022;20150102080022
36453702;0;8196442212;0;0;0321;023;20150102080022;20150102080022
36451591;0;7588888355;0;0;0321;471;20150102080022;20150102080022
36467087;0;8198091570;0;0;0321;023;20150102080022;20150102080022
36463574;0;7930415501;0;0;0215;979;20150102080022;20150102080022
36469075;0;8188517825;0;0;0321;023;20150102080022;20150102080022
36444181;0;7999272385;0;0;0321;479;20150102080022;20150102080022
2952152;1;7991918514;;;;;;20150102080025
36469074;0;8188516201;0;0;0321;023;20150102080022;20150102080022
30585314;1;8288395300;;;;;;20150102080023
36455892;0;8288395300;0;0;0341;072;20150102080023;20150102080023
36460269;0;8199960636;0;0;0321;023;20150102080022;20150102080022
36462837;0;96991567426;0;0;0321;490;20150102080024;20150102080024
36468571;0;8196922611;0;0;0321;023;20150102080022;20150102080022
14617720;1;8232354069;;;;;;20150102080022
36376320;0;8232354069;0;0;0125;464;20150102080022;20150102080022
36416321;0;92993322119;0;0;0321;493;20150102080024;20150102080024
36435685;0;8199277306;0;0;0320;457;20150102080022;20150102080022
36454588;0;8199649263;0;0;0321;023;20150102080022;20150102080022
36442326;0;8137197203;0;0;0125;389;20150102080022;20150102080022
10382546;1;8188388001;;;;;;20150102080022
36403533;0;8188388001;0;0;0321;023;20150102080022;20150102080022
36453469;0;92991474800;0;0;0321;493;20150102080024;20150102080024
36494455;0;8000019200;1;0;0125;389;20150102080022;20150102080022
36436869;0;8199277305;0;0;0320;457;20150102080022;20150102080022
36458825;0;8388251122;0;0;0321;024;20150102080023;20150102080023
15770594;1;8386200661;;;;;;20150102080023
36426056;0;8386200661;0;0;0321;024;20150102080023;20150102080023
21486321;1;8233281217;;;;;;20150102080023
36432746;0;8198847000;0;0;0321;023;20150102080022;20150102080022
36426088;0;8233281217;0;0;0125;464;20150102080023;20150102080023
36471174;0;8388444507;0;0;0321;024;20150102080023;20150102080023
36113560;0;8006088500;1;0;0125;146;20150102080022;20150102080022
36451140;0;8387170777;0;0;0321;024;20150102080023;20150102080023
11848198;1;8396383650;;;;;;20150102080026
36464141;0;8399841422;0;0;0321;024;20150102080023;20150102080023
36461228;0;8496271120;0;0;0321;032;20150102080023;20150102080023
36443016;0;8432020372;0;0;0125;346;20150102080023;20150102080023
36465928;0;8499831035;0;0;0321;032;20150102080023;20150102080023
24189042;1;8281090909;;;;;;20150102080023
36468585;0;8281090909;0;0;0341;072;20150102080023;20150102080023
36447808;0;8532248776;0;0;0125;388;20150102080023;20150102080023
7372257;1;8194377967;;;;;;20150102080026
35212619;1;92991195195;;;;;;20150102080026
36406964;0;7999315912;0;0;0321;479;20150102080022;20150102080022
36451317;0;9230827948;0;0;0215;992;20150102080024;20150102080024
36444080;0;92991863631;0;0;0321;493;20150102080024;20150102080024
28981532;1;8132283532;;;;;;20150102080022
36455898;0;8132283532;0;0;0125;389;20150102080022;20150102080022
36457193;0;92991955058;0;0;0331;392;20150102080024;20150102080024
36412921;0;91982616804;0;0;0321;494;20150102080024;20150102080024
36466902;0;98987344916;0;0;0320;039;20150102080024;20150102080024
36453818;0;92991500545;0;0;0321;493;20150102080024;20150102080024
33346923;1;98981689421;;;;;;20150102080024
36451038;0;98981689421;0;0;0321;499;20150102080024;20150102080024
36449732;0;95991155511;0;0;0321;497;20150102080024;20150102080024
36442835;0;8133264503;0;0;0125;389;20150102080022;20150102080022
36465133;0;99999853388;0;0;0321;499;20150102080024;20150102080024
35536833;1;91999237867;;;;;;20150102080026
8443240;1;8133716939;;;;;;20150102080022
36447305;0;8133716939;0;0;0125;389;20150102080022;20150102080022
36462336;0;8133710179;0;0;0125;389;20150102080022;20150102080022
36452312;0;92992905385;0;0;0321;493;20150102080024;20150102080024
36464346;0;8132030194;0;0;0125;389;20150102080022;20150102080022
36450416;0;8132653082;0;0;0125;389;20150102080022;20150102080022
36457804;0;8132271807;0;0;0125;389;20150102080022;20150102080022
36460416;0;8132519922;0;0;0125;389;20150102080022;20150102080022
36457658;0;8299258452;0;0;0321;022;20150102080023;20150102080023
36286506;0;92991017793;0;0;0321;493;20150102080024;20150102080024
6893834;1;92981221177;;;;;;20150102080024
36453699;0;92981221177;0;0;0321;493;20150102080024;20150102080024
36450160;0;8534968874;0;0;0125;388;20150102080023;20150102080023
36450630;0;8532692554;0;0;0125;388;20150102080023;20150102080023
36468234;0;91981249006;0;0;0321;494;20150102080024;20150102080024
36462941;0;8387735960;0;0;0321;024;20150102080023;20150102080023
10335204;1;91996248199;;;;;;20150102080024
36455201;0;91996248199;0;0;0321;494;20150102080024;20150102080024
33383887;1;91984075953;;;;;;20150102080026
36413746;0;8586836178;0;0;0321;028;20150102080023;20150102080023
15791651;1;91981311261;;;;;;20150102080024
35885622;0;91981311261;0;0;0321;494;20150102080024;20150102080024
36468618;0;8299717853;0;0;0321;022;20150102080023;20150102080023
36471851;0;91981254956;0;0;0320;037;20150102080024;20150102080024
36454374;0;91981122129;0;0;0321;494;20150102080023;20150102080023
36456744;0;8532353368;0;0;0125;388;20150102080023;20150102080023
36449315;0;8481810000;0;0;0321;032;20150102080023;20150102080023
24498859;1;91983380809;;;;;;20150102080026
24996453;1;8299760407;;;;;;20150102080026
36453371;0;91989112350;0;0;0321;494;20150102080024;20150102080024
36452975;0;91991006391;0;0;0321;494;20150102080024;20150102080024
36453882;0;91988871234;0;0;0321;494;20150102080024;20150102080024
36461237;0;8498079892;0;0;0321;032;20150102080023;20150102080023
36458165;0;91981247717;0;0;0320;037;20150102080024;20150102080024
29731895;1;8596446334;;;;;;20150102080023
36384070;0;8596446334;0;0;0321;028;20150102080023;20150102080023
34993116;1;8532411971;;;;;;20150102080023
36453198;0;8532411971;0;0;0125;388;20150102080023;20150102080023
33384627;1;91984050432;;;;;;20150102080024
36452974;0;91984050432;0;0;0321;494;20150102080024;20150102080024
30030430;1;8599500319;;;;;;20150102080027
36468995;0;8488019705;0;0;0321;032;20150102080023;20150102080023
36460125;0;8396790809;0;0;0321;024;20150102080023;20150102080023
36468619;0;8299830186;0;0;0321;022;20150102080023;20150102080023
36462870;0;8387161751;0;0;0321;024;20150102080023;20150102080023
36462777;0;8388315961;0;0;0321;024;20150102080023;20150102080023
53a306d6d157be19a976604311b910c7