0
123456
887999
1100000130
1120100761
1120107076
1120107574
1120108377
1120108867
1120112146
1120113704
1120113780
1120119823
1120123038
1120123276
1120124334
1120125246
1120126504
1120127194
1120127710
1120127843
1120128117
1120129238
1120129694
1120133120
1120133684
1120140045
1120141106
1120150275
1120150295
1120152079
1120153643
1120154006
1120155155
1120155856
1120155881
1120157754
1120158412
1120158572
1120159284
1120162492
1120162787
1120165303
1120167241
1120167634
1120168273
1120168374
1120173085
1120175994
1120176352
1120176506
1120176643
1120181423
1120181425
1120184061
1120184950
1120185057
1120185780
1120187448
1120192157
1120192556
1120199031
1120199103
1120210435
1120212393
1120214553
1120215588
1120232151
1120234090
1120243420
1120244975
1120250698
1120252153
1120253169
1120254131
1120256004
1120256358
1120256452
1120259454
1120259522
1120261895
1120263811
1120265198
1120267059
1120267246
1120285439
1120289489
1120300090
1120311000
1120311105
1120311589
1120312864
1120314793
1120315388
1120315791
1120316054
1120319470
1120324594
1120324856
1120325468
